	 size of allIdsConcatenated: 193
	 size of allCornersConcatenated: 193
	 size of markerCounterPerFrame: 9
	 cameraMatrix []
	 distCoeffs []
	 board 000000E7E54FE3C0
	 size [1280 x 1024]
	 calibrationFlags 0
	 Marker 
pos 0
23
[995, 770]
[981, 789]
[962, 775]
[977, 756]

pos 1
19
[1048, 762]
[1035, 781]
[1017, 768]
[1030, 749]

pos 2
27
[988, 715]
[974, 735]
[956, 721]
[970, 702]

pos 3
22
[1042, 708]
[1029, 727]
[1010, 714]
[1023, 695]

pos 4
30
[982, 661]
[968, 680]
[949, 667]
[963, 648]

pos 5
26
[1036, 654]
[1022, 673]
[1003, 660]
[1017, 641]

pos 6
21
[1089, 646]
[1075, 666]
[1057, 652]
[1071, 633]

pos 7
17
[1142, 639]
[1128, 658]
[1110, 645]
[1123, 626]

pos 8
29
[1029, 600]
[1015, 619]
[996, 605]
[1010, 586]

pos 9
20
[1136, 585]
[1122, 604]
[1104, 591]
[1117, 572]

pos 10
28
[1076, 538]
[1062, 557]
[1043, 543]
[1057, 524]

pos 11
24
[1129, 531]
[1116, 550]
[1097, 536]
[1111, 517]

pos 12
31
[934, 723]
[921, 742]
[901, 728]
[916, 709]

pos 13
16
[1095, 701]
[1081, 719]
[1065, 707]
[1077, 688]

pos 14
16
[1189, 578]
[1175, 596]
[1158, 583]
[1170, 565]

pos 15
15
[1035, 629]
[1033, 652]
[1010, 651]
[1011, 628]

pos 16
23
[958, 625]
[957, 649]
[933, 648]
[935, 624]

pos 17
31
[881, 622]
[880, 646]
[855, 644]
[856, 621]

pos 18
11
[1075, 592]
[1073, 615]
[1050, 614]
[1051, 591]

pos 19
19
[998, 588]
[997, 612]
[973, 611]
[975, 587]

pos 20
27
[922, 586]
[920, 609]
[896, 607]
[898, 583]

pos 21
6
[1114, 555]
[1113, 579]
[1090, 578]
[1092, 554]

pos 22
22
[962, 548]
[960, 572]
[936, 570]
[937, 547]

pos 23
30
[885, 544]
[883, 568]
[859, 567]
[860, 543]

pos 24
10
[1079, 516]
[1077, 539]
[1053, 537]
[1055, 514]

pos 25
18
[1002, 511]
[1001, 535]
[977, 534]
[978, 510]

pos 26
26
[925, 507]
[924, 531]
[899, 529]
[902, 505]

pos 27
5
[1119, 480]
[1117, 502]
[1094, 501]
[1096, 477]

pos 28
13
[1043, 475]
[1041, 498]
[1017, 497]
[1019, 473]

pos 29
21
[966, 470]
[965, 494]
[940, 493]
[942, 469]

pos 30
29
[889, 466]
[887, 490]
[863, 489]
[864, 464]

pos 31
9
[1083, 439]
[1081, 462]
[1058, 461]
[1059, 437]

pos 32
17
[1007, 434]
[1005, 458]
[981, 456]
[983, 432]

pos 33
25
[930, 430]
[928, 453]
[904, 452]
[906, 427]

pos 34
4
[1123, 403]
[1121, 426]
[1099, 425]
[1100, 401]

pos 35
12
[1047, 398]
[1046, 421]
[1022, 420]
[1023, 396]

pos 36
20
[971, 393]
[969, 417]
[945, 415]
[947, 391]

pos 37
28
[894, 388]
[892, 412]
[867, 410]
[869, 386]

pos 38
16
[1012, 358]
[1009, 381]
[986, 379]
[988, 355]

pos 39
24
[935, 352]
[932, 376]
[909, 374]
[910, 350]

pos 40
0
[1163, 367]
[1161, 390]
[1140, 388]
[1140, 366]

pos 41
31
[900, 623]
[902, 647]
[878, 650]
[876, 625]

pos 42
23
[977, 615]
[979, 640]
[955, 642]
[953, 618]

pos 43
15
[1053, 608]
[1055, 632]
[1031, 634]
[1029, 611]

pos 44
7
[1129, 600]
[1131, 624]
[1107, 626]
[1106, 603]

pos 45
27
[934, 580]
[937, 604]
[913, 607]
[911, 583]

pos 46
19
[1012, 573]
[1014, 597]
[991, 600]
[988, 575]

pos 47
11
[1087, 565]
[1090, 589]
[1067, 592]
[1064, 568]

pos 48
3
[1163, 558]
[1165, 582]
[1142, 584]
[1140, 561]

pos 49
30
[893, 545]
[895, 570]
[871, 572]
[869, 548]

pos 50
22
[970, 538]
[972, 562]
[949, 565]
[946, 540]

pos 51
14
[1046, 531]
[1048, 555]
[1025, 557]
[1023, 533]

pos 52
6
[1122, 523]
[1124, 547]
[1100, 549]
[1099, 526]

pos 53
26
[928, 503]
[930, 527]
[906, 530]
[904, 505]

pos 54
18
[1004, 495]
[1007, 520]
[983, 522]
[981, 498]

pos 55
10
[1080, 488]
[1083, 512]
[1059, 515]
[1057, 491]

pos 56
2
[1157, 481]
[1159, 504]
[1135, 507]
[1133, 484]

pos 57
29
[885, 467]
[888, 492]
[863, 494]
[861, 470]

pos 58
21
[962, 460]
[965, 484]
[941, 487]
[939, 462]

pos 59
13
[1039, 453]
[1042, 477]
[1018, 480]
[1015, 456]

pos 60
5
[1115, 446]
[1118, 469]
[1094, 472]
[1092, 448]

pos 61
25
[921, 425]
[923, 449]
[899, 452]
[896, 428]

pos 62
17
[998, 418]
[1000, 442]
[976, 444]
[973, 421]

pos 63
9
[1074, 411]
[1076, 435]
[1052, 437]
[1050, 413]

pos 64
1
[1149, 404]
[1151, 428]
[1128, 430]
[1126, 406]

pos 65
28
[879, 390]
[881, 414]
[856, 416]
[854, 392]

pos 66
20
[956, 383]
[958, 407]
[934, 409]
[931, 385]

pos 67
12
[1031, 375]
[1034, 400]
[1011, 402]
[1008, 378]

pos 68
4
[1108, 369]
[1110, 393]
[1087, 395]
[1084, 371]

pos 69
24
[913, 347]
[916, 371]
[892, 374]
[889, 350]

pos 70
16
[990, 340]
[992, 365]
[969, 367]
[966, 343]

pos 71
8
[1066, 333]
[1069, 357]
[1045, 360]
[1042, 336]

pos 72
0
[1142, 327]
[1144, 351]
[1121, 353]
[1119, 329]

pos 73
31
[900, 623]
[902, 647]
[878, 650]
[876, 625]

pos 74
23
[976, 615]
[979, 640]
[955, 642]
[953, 618]

pos 75
15
[1053, 608]
[1055, 632]
[1031, 634]
[1030, 610]

pos 76
7
[1128, 600]
[1131, 624]
[1108, 627]
[1106, 603]

pos 77
27
[934, 580]
[937, 605]
[913, 607]
[911, 583]

pos 78
19
[1011, 573]
[1014, 597]
[990, 599]
[988, 575]

pos 79
11
[1087, 565]
[1090, 589]
[1067, 592]
[1064, 568]

pos 80
3
[1163, 558]
[1165, 582]
[1142, 584]
[1140, 561]

pos 81
30
[893, 545]
[895, 570]
[871, 572]
[869, 548]

pos 82
22
[970, 538]
[972, 562]
[949, 565]
[946, 540]

pos 83
14
[1047, 531]
[1048, 555]
[1025, 557]
[1022, 534]

pos 84
6
[1122, 523]
[1124, 547]
[1101, 550]
[1099, 526]

pos 85
26
[928, 503]
[930, 527]
[906, 530]
[904, 505]

pos 86
18
[1004, 495]
[1007, 520]
[983, 522]
[981, 498]

pos 87
10
[1081, 488]
[1083, 512]
[1059, 515]
[1057, 491]

pos 88
2
[1156, 481]
[1158, 505]
[1135, 507]
[1133, 484]

pos 89
29
[885, 467]
[888, 492]
[863, 494]
[861, 470]

pos 90
21
[962, 460]
[965, 484]
[941, 487]
[939, 462]

pos 91
13
[1039, 453]
[1041, 478]
[1018, 480]
[1015, 456]

pos 92
5
[1115, 446]
[1117, 470]
[1094, 472]
[1092, 448]

pos 93
25
[921, 425]
[923, 449]
[899, 452]
[897, 427]

pos 94
17
[998, 418]
[1000, 442]
[975, 444]
[973, 421]

pos 95
9
[1074, 411]
[1076, 435]
[1052, 437]
[1050, 413]

pos 96
1
[1149, 404]
[1151, 428]
[1128, 430]
[1126, 406]

pos 97
28
[878, 389]
[881, 414]
[856, 416]
[854, 392]

pos 98
20
[956, 383]
[958, 407]
[934, 409]
[931, 385]

pos 99
12
[1031, 375]
[1034, 400]
[1011, 402]
[1008, 378]

pos 100
4
[1108, 369]
[1110, 393]
[1087, 395]
[1084, 371]

pos 101
24
[913, 347]
[916, 371]
[892, 374]
[889, 350]

pos 102
16
[990, 340]
[992, 365]
[969, 367]
[966, 343]

pos 103
0
[1142, 327]
[1144, 351]
[1121, 353]
[1119, 329]

pos 104
31
[900, 618]
[902, 642]
[878, 645]
[875, 621]

pos 105
23
[976, 609]
[979, 633]
[956, 636]
[953, 612]

pos 106
15
[1052, 600]
[1055, 623]
[1032, 626]
[1029, 603]

pos 107
27
[933, 575]
[936, 599]
[913, 602]
[910, 578]

pos 108
19
[1010, 566]
[1013, 590]
[990, 593]
[987, 569]

pos 109
30
[891, 541]
[894, 565]
[870, 568]
[867, 544]

pos 110
22
[968, 532]
[971, 556]
[947, 559]
[944, 535]

pos 111
14
[1044, 524]
[1047, 547]
[1023, 550]
[1021, 526]

pos 112
6
[1120, 515]
[1123, 538]
[1099, 541]
[1097, 518]

pos 113
26
[925, 498]
[928, 522]
[904, 525]
[901, 502]

pos 114
18
[1002, 490]
[1005, 513]
[981, 516]
[978, 493]

pos 115
10
[1078, 481]
[1081, 504]
[1057, 507]
[1055, 484]

pos 116
29
[883, 464]
[885, 488]
[861, 491]
[858, 467]

pos 117
21
[959, 455]
[962, 479]
[939, 482]
[936, 458]

pos 118
5
[1112, 439]
[1114, 462]
[1091, 465]
[1089, 441]

pos 119
25
[917, 421]
[920, 445]
[896, 448]
[893, 424]

pos 120
17
[994, 413]
[997, 436]
[973, 439]
[970, 416]

pos 121
9
[1070, 405]
[1073, 428]
[1049, 431]
[1047, 407]

pos 122
28
[875, 387]
[877, 411]
[853, 413]
[850, 389]

pos 123
20
[951, 378]
[954, 402]
[930, 405]
[928, 381]

pos 124
4
[1104, 363]
[1106, 386]
[1084, 389]
[1081, 365]

pos 125
16
[986, 336]
[988, 360]
[965, 362]
[962, 339]

pos 126
0
[1138, 321]
[1140, 343]
[1118, 347]
[1114, 323]

pos 127
23
[979, 573]
[983, 595]
[961, 601]
[955, 578]

pos 128
27
[933, 543]
[937, 567]
[914, 571]
[909, 549]

pos 129
30
[887, 514]
[892, 536]
[868, 542]
[863, 519]

pos 130
22
[962, 497]
[967, 520]
[944, 526]
[939, 502]

pos 131
26
[917, 468]
[921, 491]
[898, 496]
[893, 473]

pos 132
29
[870, 438]
[875, 462]
[851, 466]
[847, 443]

pos 133
21
[946, 422]
[951, 445]
[928, 450]
[923, 427]

pos 134
28
[855, 362]
[860, 385]
[836, 390]
[831, 367]

pos 135
20
[931, 347]
[936, 369]
[912, 374]
[907, 352]

pos 136
24
[885, 316]
[890, 339]
[866, 344]
[861, 322]

pos 137
16
[960, 301]
[965, 325]
[943, 329]
[937, 306]

pos 138
31
[903, 590]
[907, 613]
[884, 618]
[880, 594]

pos 139
23
[986, 518]
[993, 541]
[971, 548]
[964, 526]

pos 140
27
[936, 495]
[944, 517]
[922, 525]
[914, 503]

pos 141
30
[887, 472]
[894, 495]
[872, 503]
[864, 480]

pos 142
22
[960, 446]
[967, 468]
[944, 476]
[937, 454]

pos 143
29
[860, 399]
[868, 422]
[845, 430]
[837, 408]

pos 144
21
[934, 374]
[941, 396]
[919, 404]
[911, 381]

pos 145
25
[884, 350]
[891, 373]
[869, 380]
[861, 358]

pos 146
28
[834, 326]
[842, 349]
[820, 357]
[811, 334]

pos 147
20
[907, 301]
[915, 324]
[893, 331]
[885, 309]

pos 148
31
[913, 545]
[921, 566]
[899, 576]
[891, 553]

pos 149
23
[996, 486]
[1005, 508]
[984, 517]
[975, 495]

pos 150
27
[944, 468]
[954, 489]
[933, 499]
[923, 478]

pos 151
30
[893, 450]
[902, 472]
[880, 481]
[871, 459]

pos 152
19
[1014, 435]
[1023, 456]
[1002, 466]
[992, 445]

pos 153
22
[962, 416]
[972, 437]
[950, 448]
[941, 426]

pos 154
26
[911, 398]
[920, 420]
[899, 430]
[889, 408]

pos 155
21
[928, 346]
[938, 368]
[917, 378]
[907, 356]

pos 156
25
[877, 328]
[887, 350]
[866, 360]
[855, 338]

pos 157
28
[825, 309]
[835, 331]
[813, 341]
[803, 319]

pos 158
17
[947, 295]
[957, 316]
[935, 326]
[925, 306]

pos 159
20
[896, 277]
[905, 298]
[884, 308]
[874, 286]

pos 160
24
[843, 257]
[854, 279]
[832, 289]
[822, 267]

pos 161
12
[965, 244]
[975, 266]
[954, 275]
[944, 254]

pos 162
16
[914, 225]
[924, 247]
[902, 256]
[892, 235]

pos 163
31
[926, 520]
[936, 541]
[914, 551]
[905, 529]

pos 164
13
[998, 315]
[1007, 335]
[987, 344]
[978, 324]

pos 165
23
[1005, 456]
[1017, 477]
[997, 489]
[985, 468]

pos 166
27
[952, 444]
[964, 465]
[944, 477]
[931, 457]

pos 167
30
[898, 433]
[911, 453]
[890, 466]
[877, 446]

pos 168
15
[1069, 414]
[1081, 435]
[1061, 447]
[1049, 427]

pos 169
19
[1017, 403]
[1029, 422]
[1008, 435]
[996, 415]

pos 170
22
[963, 391]
[976, 411]
[955, 424]
[943, 403]

pos 171
26
[910, 379]
[922, 400]
[902, 412]
[889, 392]

pos 172
29
[856, 367]
[868, 388]
[847, 400]
[835, 380]

pos 173
11
[1081, 361]
[1093, 381]
[1072, 393]
[1061, 373]

pos 174
14
[1028, 349]
[1040, 370]
[1020, 382]
[1008, 361]

pos 175
18
[975, 337]
[987, 358]
[967, 370]
[954, 350]

pos 176
21
[921, 325]
[934, 346]
[913, 358]
[901, 337]

pos 177
25
[868, 313]
[880, 334]
[859, 346]
[847, 326]

pos 178
6
[1092, 308]
[1104, 329]
[1085, 341]
[1072, 321]

pos 179
28
[814, 301]
[826, 322]
[806, 334]
[793, 314]

pos 180
10
[1039, 296]
[1051, 317]
[1032, 329]
[1019, 309]

pos 181
13
[987, 284]
[999, 304]
[979, 317]
[966, 296]

pos 182
17
[933, 272]
[945, 293]
[925, 304]
[913, 284]

pos 183
20
[879, 259]
[892, 280]
[871, 292]
[859, 272]

pos 184
24
[826, 247]
[838, 268]
[818, 280]
[805, 260]

pos 185
5
[1051, 243]
[1063, 263]
[1043, 275]
[1031, 255]

pos 186
9
[998, 231]
[1010, 251]
[990, 263]
[978, 243]

pos 187
12
[945, 219]
[957, 239]
[937, 251]
[925, 231]

pos 188
16
[892, 206]
[904, 227]
[884, 239]
[871, 218]

pos 189
1
[1063, 191]
[1075, 210]
[1054, 222]
[1043, 202]

pos 190
4
[1010, 178]
[1022, 198]
[1002, 210]
[990, 190]

pos 191
31
[940, 499]
[952, 519]
[933, 532]
[920, 510]

pos 192
0
[1021, 125]
[1033, 145]
[1014, 156]
[1002, 137]

	 markerCounterPerFrame 
15
26
32
31
23
12
10
16
28
	 size of allIdsConcatenated: 489
	 size of allCornersConcatenated: 489
	 size of markerCounterPerFrame: 19
	 cameraMatrix []
	 distCoeffs []
	 board 0000009AE51FE5D8
	 size [1280 x 1024]
	 calibrationFlags 0
	 Marker 
pos 0
0
[949, 283]
[948, 258]
[972, 257]
[973, 282]

pos 1
8
[1026, 281]
[1025, 256]
[1049, 256]
[1050, 280]

pos 2
16
[1102, 280]
[1101, 255]
[1125, 255]
[1126, 279]

pos 3
4
[987, 243]
[985, 218]
[1010, 218]
[1011, 241]

pos 4
12
[1062, 241]
[1062, 217]
[1086, 218]
[1086, 241]

pos 5
20
[1138, 240]
[1138, 216]
[1160, 215]
[1162, 240]

pos 6
1
[947, 205]
[945, 180]
[970, 180]
[971, 204]

pos 7
9
[1023, 203]
[1023, 179]
[1046, 178]
[1048, 202]

pos 8
25
[1174, 200]
[1174, 177]
[1198, 178]
[1198, 201]

pos 9
17
[1099, 202]
[1098, 179]
[1121, 177]
[1123, 202]

pos 10
5
[983, 165]
[983, 141]
[1008, 141]
[1008, 165]

pos 11
13
[1060, 164]
[1059, 140]
[1082, 139]
[1084, 163]

pos 12
21
[1136, 163]
[1135, 140]
[1159, 139]
[1160, 162]

pos 13
2
[943, 127]
[943, 103]
[968, 103]
[968, 127]

pos 14
18
[1097, 126]
[1095, 102]
[1120, 101]
[1121, 124]

pos 15
10
[1021, 126]
[1020, 102]
[1044, 101]
[1045, 125]

pos 16
6
[981, 88]
[980, 65]
[1004, 63]
[1005, 88]

pos 17
30
[1208, 86]
[1207, 63]
[1230, 62]
[1231, 86]

pos 18
22
[1133, 86]
[1133, 62]
[1156, 63]
[1155, 87]

pos 19
3
[942, 51]
[940, 27]
[964, 26]
[965, 50]

pos 20
19
[1094, 49]
[1093, 25]
[1116, 24]
[1118, 48]

pos 21
0
[751, 300]
[749, 276]
[773, 273]
[776, 298]

pos 22
8
[829, 295]
[827, 271]
[852, 269]
[854, 293]

pos 23
16
[906, 290]
[905, 266]
[929, 264]
[931, 288]

pos 24
24
[984, 286]
[981, 262]
[1005, 259]
[1008, 283]

pos 25
4
[787, 258]
[786, 234]
[810, 232]
[812, 257]

pos 26
12
[865, 254]
[863, 230]
[887, 227]
[889, 252]

pos 27
20
[942, 249]
[941, 224]
[965, 223]
[966, 248]

pos 28
28
[1019, 245]
[1017, 220]
[1041, 219]
[1043, 243]

pos 29
1
[746, 222]
[744, 198]
[769, 196]
[770, 221]

pos 30
9
[824, 217]
[822, 193]
[847, 191]
[848, 215]

pos 31
17
[901, 213]
[899, 188]
[923, 186]
[925, 211]

pos 32
25
[978, 208]
[976, 184]
[1000, 182]
[1002, 207]

pos 33
5
[783, 181]
[780, 157]
[805, 154]
[807, 178]

pos 34
13
[860, 176]
[858, 151]
[882, 150]
[884, 174]

pos 35
21
[937, 172]
[935, 147]
[959, 146]
[961, 170]

pos 36
29
[1014, 168]
[1011, 144]
[1036, 142]
[1038, 165]

pos 37
2
[741, 145]
[739, 120]
[764, 118]
[765, 142]

pos 38
10
[818, 139]
[817, 115]
[841, 113]
[843, 138]

pos 39
18
[895, 135]
[893, 112]
[918, 109]
[920, 133]

pos 40
26
[973, 131]
[971, 106]
[994, 105]
[996, 129]

pos 41
6
[777, 103]
[775, 79]
[799, 77]
[801, 102]

pos 42
14
[855, 99]
[853, 74]
[876, 73]
[878, 97]

pos 43
22
[931, 94]
[929, 70]
[953, 69]
[955, 93]

pos 44
30
[1007, 90]
[1006, 67]
[1030, 65]
[1032, 89]

pos 45
3
[735, 67]
[733, 43]
[757, 41]
[759, 66]

pos 46
11
[813, 62]
[811, 38]
[835, 36]
[837, 61]

pos 47
19
[890, 58]
[888, 34]
[912, 32]
[914, 57]

pos 48
27
[966, 54]
[965, 30]
[988, 29]
[990, 53]

pos 49
0
[485, 340]
[483, 315]
[508, 314]
[509, 338]

pos 50
8
[563, 336]
[562, 311]
[586, 310]
[588, 335]

pos 51
16
[642, 334]
[640, 309]
[665, 308]
[666, 332]

pos 52
24
[719, 330]
[719, 305]
[743, 305]
[743, 330]

pos 53
4
[523, 299]
[521, 274]
[546, 273]
[547, 297]

pos 54
12
[601, 296]
[599, 272]
[624, 270]
[625, 294]

pos 55
20
[679, 293]
[677, 269]
[702, 267]
[704, 291]

pos 56
28
[757, 290]
[756, 265]
[780, 264]
[782, 288]

pos 57
1
[481, 261]
[480, 237]
[505, 235]
[506, 260]

pos 58
9
[560, 258]
[559, 233]
[584, 232]
[585, 256]

pos 59
17
[638, 255]
[637, 230]
[661, 229]
[663, 254]

pos 60
25
[716, 252]
[715, 228]
[740, 226]
[741, 251]

pos 61
5
[520, 221]
[518, 196]
[542, 194]
[544, 219]

pos 62
13
[598, 218]
[596, 193]
[621, 192]
[622, 216]

pos 63
21
[676, 215]
[675, 190]
[699, 189]
[700, 214]

pos 64
29
[754, 212]
[753, 187]
[778, 186]
[778, 211]

pos 65
2
[479, 183]
[478, 159]
[502, 157]
[503, 182]

pos 66
10
[557, 180]
[556, 155]
[580, 154]
[582, 178]

pos 67
18
[635, 177]
[634, 153]
[658, 151]
[660, 175]

pos 68
26
[713, 174]
[712, 150]
[736, 148]
[738, 173]

pos 69
6
[517, 143]
[515, 118]
[540, 117]
[541, 141]

pos 70
14
[594, 139]
[593, 116]
[618, 114]
[619, 138]

pos 71
22
[673, 137]
[671, 112]
[696, 111]
[697, 136]

pos 72
30
[750, 134]
[749, 110]
[774, 109]
[775, 133]

pos 73
3
[476, 106]
[475, 81]
[500, 80]
[500, 104]

pos 74
11
[554, 102]
[553, 78]
[578, 77]
[579, 100]

pos 75
19
[632, 100]
[631, 75]
[656, 74]
[656, 98]

pos 76
27
[710, 97]
[709, 72]
[733, 71]
[734, 96]

pos 77
7
[513, 65]
[512, 41]
[537, 40]
[538, 64]

pos 78
15
[592, 62]
[591, 37]
[615, 37]
[616, 61]

pos 79
23
[669, 59]
[668, 36]
[693, 34]
[694, 58]

pos 80
31
[747, 57]
[746, 33]
[771, 32]
[772, 56]

pos 81
24
[477, 328]
[477, 303]
[502, 304]
[501, 328]

pos 82
16
[398, 326]
[399, 301]
[424, 302]
[422, 327]

pos 83
0
[243, 323]
[244, 299]
[268, 300]
[267, 324]

pos 84
28
[516, 288]
[517, 264]
[542, 265]
[541, 290]

pos 85
20
[438, 287]
[439, 263]
[464, 264]
[463, 288]

pos 86
4
[282, 284]
[284, 260]
[308, 262]
[307, 285]

pos 87
25
[478, 249]
[480, 224]
[504, 225]
[503, 250]

pos 88
17
[400, 248]
[401, 223]
[426, 224]
[425, 248]

pos 89
9
[322, 246]
[323, 222]
[348, 222]
[346, 247]

pos 90
1
[245, 245]
[246, 221]
[270, 221]
[269, 246]

pos 91
29
[518, 210]
[519, 186]
[544, 187]
[543, 212]

pos 92
21
[440, 209]
[441, 185]
[466, 186]
[465, 210]

pos 93
13
[362, 208]
[364, 183]
[388, 185]
[387, 208]

pos 94
5
[285, 207]
[286, 182]
[310, 183]
[309, 207]

pos 95
26
[480, 171]
[481, 146]
[506, 148]
[505, 171]

pos 96
18
[402, 170]
[404, 145]
[428, 146]
[426, 170]

pos 97
10
[324, 168]
[325, 144]
[350, 145]
[349, 168]

pos 98
2
[247, 167]
[248, 143]
[272, 144]
[271, 168]

pos 99
30
[520, 133]
[522, 108]
[546, 110]
[545, 133]

pos 100
22
[442, 131]
[443, 107]
[468, 108]
[466, 132]

pos 101
14
[364, 130]
[365, 106]
[390, 107]
[389, 130]

pos 102
6
[287, 129]
[288, 105]
[312, 105]
[311, 129]

pos 103
27
[482, 94]
[483, 69]
[508, 71]
[507, 94]

pos 104
19
[404, 92]
[405, 68]
[429, 68]
[428, 92]

pos 105
11
[326, 90]
[327, 66]
[352, 67]
[350, 91]

pos 106
3
[249, 90]
[250, 66]
[274, 66]
[273, 90]

pos 107
31
[522, 56]
[523, 31]
[548, 33]
[547, 56]

pos 108
23
[444, 54]
[446, 29]
[469, 30]
[468, 55]

pos 109
15
[366, 52]
[367, 28]
[392, 30]
[391, 53]

pos 110
7
[289, 52]
[290, 27]
[314, 28]
[313, 52]

pos 111
24
[275, 321]
[277, 298]
[301, 299]
[300, 323]

pos 112
16
[198, 319]
[200, 295]
[223, 296]
[222, 320]

pos 113
0
[45, 314]
[47, 290]
[70, 291]
[69, 315]

pos 114
28
[316, 284]
[317, 260]
[342, 261]
[341, 285]

pos 115
20
[238, 282]
[240, 257]
[264, 259]
[262, 283]

pos 116
25
[279, 244]
[280, 220]
[304, 220]
[303, 245]

pos 117
17
[201, 241]
[204, 217]
[227, 219]
[226, 242]

pos 118
9
[125, 239]
[126, 215]
[150, 216]
[148, 240]

pos 119
1
[49, 237]
[50, 213]
[74, 214]
[72, 238]

pos 120
29
[319, 206]
[321, 182]
[345, 183]
[344, 207]

pos 121
21
[241, 203]
[244, 179]
[267, 180]
[266, 205]

pos 122
13
[165, 202]
[166, 177]
[190, 178]
[189, 202]

pos 123
5
[89, 200]
[91, 175]
[113, 176]
[112, 200]

pos 124
26
[282, 166]
[283, 142]
[308, 143]
[306, 167]

pos 125
18
[205, 164]
[206, 140]
[230, 140]
[229, 164]

pos 126
10
[128, 162]
[130, 137]
[153, 138]
[152, 162]

pos 127
2
[52, 160]
[54, 136]
[77, 136]
[76, 160]

pos 128
30
[323, 129]
[325, 104]
[349, 106]
[347, 129]

pos 129
22
[245, 126]
[246, 102]
[271, 103]
[269, 127]

pos 130
14
[168, 124]
[170, 100]
[194, 101]
[192, 125]

pos 131
6
[92, 122]
[94, 98]
[117, 99]
[115, 123]

pos 132
19
[209, 87]
[210, 63]
[234, 63]
[232, 87]

pos 133
11
[132, 84]
[134, 60]
[157, 61]
[155, 85]

pos 134
31
[326, 51]
[328, 27]
[352, 28]
[351, 52]

pos 135
23
[249, 49]
[250, 25]
[274, 26]
[273, 50]

pos 136
15
[172, 46]
[174, 23]
[198, 25]
[196, 48]

pos 137
7
[96, 45]
[99, 21]
[121, 22]
[118, 46]

pos 138
24
[276, 492]
[278, 468]
[302, 469]
[300, 494]

pos 139
16
[199, 489]
[201, 464]
[224, 466]
[223, 490]

pos 140
0
[46, 481]
[48, 457]
[71, 459]
[69, 483]

pos 141
28
[317, 455]
[318, 431]
[343, 432]
[342, 456]

pos 142
20
[239, 451]
[241, 427]
[265, 429]
[263, 453]

pos 143
4
[86, 444]
[88, 420]
[111, 422]
[110, 445]

pos 144
25
[280, 414]
[282, 389]
[306, 391]
[304, 415]

pos 145
17
[203, 411]
[205, 386]
[228, 387]
[226, 412]

pos 146
9
[126, 407]
[127, 383]
[151, 384]
[150, 408]

pos 147
1
[50, 404]
[51, 380]
[75, 381]
[73, 405]

pos 148
21
[243, 373]
[244, 349]
[269, 351]
[267, 374]

pos 149
13
[166, 370]
[168, 345]
[192, 347]
[190, 371]

pos 150
5
[90, 366]
[91, 342]
[115, 344]
[112, 368]

pos 151
26
[284, 336]
[286, 311]
[310, 313]
[308, 337]

pos 152
18
[207, 333]
[208, 308]
[232, 309]
[230, 334]

pos 153
10
[129, 328]
[131, 305]
[155, 306]
[153, 330]

pos 154
2
[53, 325]
[55, 302]
[79, 304]
[77, 327]

pos 155
30
[325, 299]
[326, 274]
[351, 276]
[349, 300]

pos 156
22
[247, 295]
[248, 271]
[272, 271]
[271, 296]

pos 157
14
[170, 292]
[172, 267]
[196, 269]
[194, 293]

pos 158
6
[94, 289]
[96, 264]
[118, 265]
[117, 289]

pos 159
27
[288, 258]
[290, 233]
[313, 234]
[312, 259]

pos 160
19
[211, 255]
[212, 230]
[236, 232]
[233, 256]

pos 161
11
[133, 251]
[135, 227]
[159, 229]
[157, 252]

pos 162
31
[329, 221]
[330, 196]
[355, 198]
[353, 222]

pos 163
23
[251, 217]
[252, 193]
[277, 194]
[275, 218]

pos 164
15
[174, 214]
[175, 190]
[200, 191]
[198, 215]

pos 165
7
[98, 211]
[99, 187]
[123, 188]
[121, 212]

pos 166
0
[281, 531]
[279, 506]
[303, 505]
[304, 529]

pos 167
8
[357, 527]
[357, 503]
[382, 504]
[381, 528]

pos 168
16
[436, 526]
[435, 501]
[459, 500]
[460, 525]

pos 169
24
[515, 524]
[513, 499]
[538, 498]
[539, 522]

pos 170
4
[318, 490]
[317, 466]
[341, 465]
[342, 489]

pos 171
12
[396, 488]
[395, 463]
[419, 462]
[420, 487]

pos 172
20
[473, 485]
[473, 460]
[498, 460]
[498, 485]

pos 173
28
[552, 483]
[551, 458]
[575, 457]
[577, 482]

pos 174
1
[278, 452]
[277, 428]
[301, 427]
[302, 451]

pos 175
9
[356, 450]
[354, 425]
[379, 424]
[380, 448]

pos 176
17
[433, 447]
[432, 423]
[457, 421]
[458, 446]

pos 177
25
[512, 445]
[511, 420]
[535, 419]
[536, 444]

pos 178
5
[316, 412]
[314, 388]
[339, 386]
[340, 410]

pos 179
13
[393, 409]
[392, 385]
[416, 383]
[418, 408]

pos 180
21
[471, 407]
[470, 383]
[495, 381]
[496, 406]

pos 181
29
[550, 405]
[549, 380]
[573, 378]
[574, 404]

pos 182
2
[275, 374]
[274, 350]
[298, 348]
[300, 372]

pos 183
10
[353, 371]
[352, 347]
[376, 345]
[377, 370]

pos 184
18
[431, 369]
[430, 344]
[455, 343]
[456, 367]

pos 185
26
[509, 366]
[508, 342]
[532, 340]
[534, 365]

pos 186
6
[314, 334]
[312, 309]
[337, 308]
[337, 332]

pos 187
14
[391, 331]
[390, 306]
[414, 305]
[415, 330]

pos 188
30
[547, 326]
[546, 302]
[572, 300]
[572, 325]

pos 189
3
[274, 296]
[272, 271]
[296, 270]
[297, 294]

pos 190
11
[351, 293]
[350, 268]
[374, 267]
[375, 292]

pos 191
19
[428, 290]
[428, 266]
[452, 265]
[453, 289]

pos 192
27
[507, 288]
[506, 263]
[530, 262]
[532, 286]

pos 193
7
[311, 255]
[310, 231]
[333, 229]
[335, 254]

pos 194
15
[388, 252]
[388, 227]
[412, 227]
[412, 252]

pos 195
23
[466, 250]
[466, 225]
[490, 224]
[491, 249]

pos 196
31
[545, 248]
[544, 223]
[569, 222]
[570, 247]

pos 197
0
[547, 537]
[545, 512]
[569, 510]
[572, 535]

pos 198
8
[626, 531]
[623, 506]
[647, 503]
[650, 528]

pos 199
16
[703, 524]
[701, 499]
[725, 497]
[728, 521]

pos 200
24
[781, 517]
[779, 492]
[803, 490]
[805, 515]

pos 201
4
[583, 495]
[581, 470]
[605, 468]
[607, 492]

pos 202
12
[660, 488]
[659, 463]
[683, 461]
[685, 486]

pos 203
20
[739, 481]
[737, 456]
[761, 455]
[763, 479]

pos 204
28
[817, 475]
[814, 451]
[839, 448]
[841, 473]

pos 205
1
[541, 459]
[538, 434]
[563, 432]
[565, 456]

pos 206
9
[618, 452]
[616, 427]
[641, 425]
[643, 450]

pos 207
17
[697, 446]
[694, 421]
[719, 419]
[721, 444]

pos 208
25
[774, 439]
[772, 415]
[796, 412]
[799, 437]

pos 209
5
[576, 416]
[574, 391]
[599, 389]
[601, 414]

pos 210
13
[654, 410]
[652, 385]
[677, 383]
[679, 408]

pos 211
21
[732, 403]
[730, 379]
[754, 376]
[757, 401]

pos 212
29
[810, 397]
[808, 372]
[832, 370]
[835, 394]

pos 213
2
[534, 381]
[531, 356]
[555, 353]
[558, 378]

pos 214
10
[612, 374]
[610, 349]
[635, 347]
[636, 372]

pos 215
18
[690, 368]
[688, 343]
[712, 340]
[714, 365]

pos 216
26
[768, 361]
[766, 336]
[790, 334]
[792, 359]

pos 217
6
[569, 338]
[567, 314]
[592, 311]
[594, 336]

pos 218
14
[648, 332]
[646, 307]
[670, 305]
[672, 329]

pos 219
22
[725, 325]
[724, 300]
[748, 298]
[750, 323]

pos 220
30
[803, 319]
[801, 294]
[826, 292]
[828, 316]

pos 221
3
[527, 302]
[525, 278]
[549, 275]
[552, 300]

pos 222
11
[606, 296]
[603, 271]
[628, 269]
[630, 293]

pos 223
19
[683, 289]
[681, 265]
[705, 262]
[708, 287]

pos 224
27
[761, 283]
[759, 258]
[783, 256]
[786, 280]

pos 225
7
[563, 260]
[561, 235]
[585, 233]
[588, 257]

pos 226
15
[641, 253]
[639, 228]
[663, 226]
[665, 252]

pos 227
23
[719, 247]
[717, 222]
[741, 220]
[743, 245]

pos 228
31
[797, 241]
[795, 216]
[819, 214]
[821, 239]

pos 229
16
[884, 547]
[885, 523]
[909, 523]
[909, 548]

pos 230
8
[807, 548]
[808, 523]
[832, 524]
[831, 548]

pos 231
0
[729, 549]
[729, 524]
[753, 523]
[754, 548]

pos 232
24
[962, 547]
[963, 522]
[986, 522]
[986, 547]

pos 233
12
[846, 509]
[846, 484]
[870, 484]
[870, 509]

pos 234
4
[768, 509]
[768, 484]
[793, 485]
[792, 509]

pos 235
28
[1000, 508]
[1001, 483]
[1024, 483]
[1025, 508]

pos 236
20
[923, 508]
[923, 484]
[948, 484]
[948, 508]

pos 237
9
[807, 470]
[807, 445]
[832, 446]
[831, 470]

pos 238
1
[728, 470]
[729, 445]
[753, 445]
[753, 470]

pos 239
25
[961, 469]
[961, 445]
[986, 444]
[986, 469]

pos 240
17
[885, 470]
[884, 445]
[908, 444]
[909, 469]

pos 241
29
[1000, 430]
[999, 406]
[1023, 405]
[1024, 430]

pos 242
21
[923, 430]
[923, 406]
[947, 405]
[946, 431]

pos 243
13
[846, 431]
[845, 406]
[869, 405]
[870, 430]

pos 244
5
[767, 431]
[767, 406]
[791, 405]
[792, 431]

pos 245
26
[961, 391]
[961, 367]
[986, 367]
[985, 391]

pos 246
18
[884, 392]
[883, 368]
[908, 366]
[908, 391]

pos 247
10
[806, 391]
[807, 366]
[831, 367]
[831, 391]

pos 248
22
[922, 352]
[922, 328]
[947, 328]
[947, 352]

pos 249
14
[845, 352]
[846, 327]
[869, 327]
[869, 352]

pos 250
6
[768, 353]
[767, 328]
[791, 327]
[792, 352]

pos 251
27
[960, 313]
[960, 289]
[985, 289]
[984, 314]

pos 252
19
[884, 314]
[883, 289]
[908, 289]
[908, 313]

pos 253
11
[806, 313]
[806, 288]
[831, 289]
[830, 313]

pos 254
3
[727, 313]
[728, 288]
[752, 289]
[752, 313]

pos 255
31
[998, 274]
[999, 250]
[1023, 251]
[1023, 275]

pos 256
23
[922, 274]
[922, 250]
[946, 250]
[945, 275]

pos 257
15
[845, 274]
[845, 249]
[868, 249]
[868, 274]

pos 258
7
[766, 274]
[767, 249]
[791, 249]
[791, 274]

pos 259
0
[876, 538]
[876, 513]
[898, 512]
[899, 537]

pos 260
16
[1013, 535]
[1013, 510]
[1036, 510]
[1036, 535]

pos 261
24
[1089, 534]
[1088, 510]
[1111, 509]
[1113, 534]

pos 262
28
[1126, 494]
[1126, 471]
[1150, 471]
[1150, 495]

pos 263
20
[1050, 496]
[1050, 471]
[1074, 471]
[1073, 496]

pos 264
4
[912, 497]
[912, 472]
[936, 471]
[937, 496]

pos 265
1
[875, 459]
[874, 435]
[897, 433]
[898, 458]

pos 266
25
[1088, 456]
[1088, 432]
[1112, 432]
[1112, 457]

pos 267
17
[1012, 456]
[1013, 432]
[1036, 433]
[1036, 457]

pos 268
21
[1049, 417]
[1050, 393]
[1074, 394]
[1073, 418]

pos 269
13
[982, 417]
[982, 393]
[999, 393]
[999, 418]

pos 270
5
[911, 418]
[911, 393]
[934, 392]
[935, 417]

pos 271
2
[873, 381]
[873, 356]
[896, 355]
[896, 380]

pos 272
26
[1087, 378]
[1088, 354]
[1112, 356]
[1111, 379]

pos 273
18
[1011, 379]
[1011, 355]
[1034, 354]
[1035, 379]

pos 274
10
[949, 377]
[949, 352]
[971, 353]
[970, 378]

pos 275
30
[1125, 340]
[1125, 316]
[1149, 316]
[1149, 340]

pos 276
22
[1049, 340]
[1049, 316]
[1072, 315]
[1073, 340]

pos 277
6
[910, 340]
[909, 316]
[933, 313]
[933, 339]

pos 278
27
[1087, 302]
[1087, 277]
[1110, 277]
[1110, 302]

pos 279
19
[1010, 301]
[1010, 277]
[1034, 277]
[1033, 302]

pos 280
3
[871, 303]
[871, 279]
[894, 277]
[895, 302]

pos 281
11
[947, 299]
[947, 274]
[970, 274]
[970, 299]

pos 282
23
[1048, 262]
[1048, 238]
[1072, 238]
[1072, 263]

pos 283
15
[981, 260]
[981, 236]
[996, 238]
[996, 262]

pos 284
7
[908, 262]
[907, 238]
[931, 235]
[932, 260]

pos 285
31
[1125, 262]
[1124, 239]
[1148, 238]
[1148, 263]

pos 286
16
[957, 728]
[961, 704]
[983, 707]
[981, 731]

pos 287
8
[881, 719]
[884, 695]
[907, 698]
[905, 722]

pos 288
0
[803, 709]
[807, 685]
[831, 689]
[828, 712]

pos 289
28
[1075, 703]
[1079, 680]
[1102, 683]
[1099, 707]

pos 290
20
[1000, 695]
[1003, 671]
[1027, 674]
[1023, 698]

pos 291
12
[924, 685]
[927, 661]
[951, 665]
[947, 688]

pos 292
4
[847, 675]
[851, 651]
[874, 654]
[871, 679]

pos 293
25
[1043, 661]
[1046, 637]
[1070, 640]
[1066, 664]

pos 294
17
[967, 651]
[970, 627]
[994, 630]
[990, 655]

pos 295
9
[891, 642]
[894, 618]
[918, 621]
[915, 645]

pos 296
1
[813, 631]
[817, 608]
[841, 611]
[838, 635]

pos 297
13
[934, 608]
[937, 584]
[961, 587]
[958, 611]

pos 298
5
[857, 598]
[861, 574]
[885, 577]
[881, 602]

pos 299
26
[1053, 584]
[1057, 560]
[1080, 563]
[1077, 587]

pos 300
18
[977, 574]
[981, 550]
[1005, 553]
[1001, 578]

pos 301
10
[901, 565]
[905, 540]
[929, 543]
[925, 568]

pos 302
2
[824, 555]
[827, 530]
[852, 534]
[847, 558]

pos 303
30
[1096, 550]
[1099, 527]
[1123, 529]
[1119, 554]

pos 304
22
[1021, 541]
[1024, 517]
[1048, 520]
[1044, 544]

pos 305
14
[944, 530]
[948, 507]
[971, 509]
[967, 534]

pos 306
6
[867, 520]
[871, 496]
[895, 499]
[892, 524]

pos 307
27
[1063, 507]
[1066, 483]
[1090, 486]
[1087, 510]

pos 308
19
[987, 497]
[990, 473]
[1015, 476]
[1011, 500]

pos 309
11
[911, 487]
[914, 463]
[939, 466]
[936, 490]

pos 310
3
[834, 477]
[837, 452]
[862, 456]
[858, 480]

pos 311
31
[1106, 474]
[1110, 449]
[1133, 453]
[1130, 476]

pos 312
23
[1031, 464]
[1034, 439]
[1057, 442]
[1054, 467]

pos 313
15
[955, 454]
[958, 429]
[981, 432]
[978, 456]

pos 314
7
[877, 443]
[881, 419]
[905, 422]
[902, 446]

pos 315
21
[972, 560]
[979, 538]
[1002, 545]
[995, 568]

pos 316
1
[775, 542]
[782, 520]
[805, 527]
[799, 550]

pos 317
13
[899, 539]
[906, 516]
[928, 523]
[921, 546]

pos 318
30
[1068, 508]
[1075, 486]
[1098, 493]
[1090, 516]

pos 319
10
[874, 491]
[880, 468]
[903, 475]
[896, 497]

pos 320
14
[922, 464]
[929, 442]
[951, 449]
[944, 471]

pos 321
11
[896, 416]
[904, 393]
[926, 401]
[919, 423]

pos 322
23
[1018, 413]
[1025, 390]
[1047, 396]
[1041, 419]

pos 323
3
[822, 395]
[828, 371]
[851, 378]
[844, 401]

pos 324
15
[945, 391]
[952, 367]
[974, 375]
[967, 397]

pos 325
7
[871, 369]
[877, 345]
[900, 352]
[893, 375]

pos 326
0
[753, 618]
[759, 595]
[781, 602]
[775, 624]

pos 327
22
[996, 486]
[1003, 464]
[1024, 471]
[1017, 493]

pos 328
31
[1092, 435]
[1098, 412]
[1121, 420]
[1113, 442]

pos 329
24
[724, 724]
[733, 701]
[755, 709]
[747, 732]

pos 330
28
[774, 700]
[783, 678]
[806, 687]
[797, 710]

pos 331
16
[651, 696]
[660, 673]
[683, 683]
[674, 705]

pos 332
20
[702, 674]
[710, 651]
[733, 659]
[725, 682]

pos 333
25
[752, 651]
[761, 628]
[783, 636]
[775, 659]

pos 334
12
[629, 646]
[637, 623]
[660, 631]
[652, 654]

pos 335
0
[505, 641]
[513, 618]
[537, 627]
[527, 650]

pos 336
29
[802, 628]
[811, 605]
[834, 613]
[826, 636]

pos 337
17
[679, 623]
[688, 600]
[711, 609]
[702, 632]

pos 338
4
[556, 619]
[564, 595]
[587, 604]
[578, 627]

pos 339
21
[730, 601]
[739, 577]
[761, 585]
[752, 609]

pos 340
9
[606, 596]
[614, 573]
[638, 581]
[629, 604]

pos 341
26
[780, 578]
[788, 555]
[811, 563]
[803, 586]

pos 342
13
[657, 573]
[665, 550]
[688, 558]
[680, 581]

pos 343
1
[533, 568]
[541, 545]
[564, 553]
[556, 576]

pos 344
30
[830, 554]
[839, 532]
[862, 540]
[853, 563]

pos 345
18
[707, 550]
[715, 527]
[739, 535]
[730, 558]

pos 346
5
[583, 545]
[592, 522]
[615, 530]
[607, 553]

pos 347
22
[758, 527]
[766, 504]
[789, 512]
[781, 535]

pos 348
10
[634, 522]
[642, 499]
[666, 508]
[657, 530]

pos 349
27
[808, 504]
[816, 481]
[839, 489]
[831, 512]

pos 350
14
[685, 499]
[693, 476]
[716, 484]
[708, 507]

pos 351
2
[561, 494]
[569, 471]
[592, 479]
[583, 503]

pos 352
19
[735, 476]
[743, 453]
[766, 461]
[758, 485]

pos 353
6
[611, 471]
[620, 448]
[643, 456]
[634, 480]

pos 354
23
[785, 453]
[794, 430]
[817, 439]
[808, 462]

pos 355
11
[662, 448]
[671, 425]
[694, 434]
[685, 457]

pos 356
15
[713, 426]
[721, 402]
[744, 411]
[735, 434]

pos 357
3
[588, 420]
[597, 397]
[620, 406]
[611, 429]

pos 358
7
[639, 398]
[648, 374]
[671, 383]
[662, 406]

pos 359
31
[859, 481]
[867, 458]
[890, 466]
[881, 490]

pos 360
4
[967, 897]
[968, 874]
[991, 874]
[991, 897]

pos 361
20
[1119, 889]
[1119, 866]
[1141, 865]
[1142, 888]

pos 362
9
[1006, 858]
[1005, 834]
[1028, 833]
[1028, 857]

pos 363
17
[1081, 853]
[1080, 830]
[1103, 829]
[1103, 852]

pos 364
5
[965, 821]
[965, 798]
[988, 796]
[989, 820]

pos 365
21
[1117, 813]
[1117, 790]
[1139, 788]
[1140, 812]

pos 366
10
[1004, 782]
[1002, 758]
[1025, 756]
[1027, 779]

pos 367
18
[1078, 777]
[1077, 754]
[1101, 752]
[1102, 775]

pos 368
14
[1040, 741]
[1039, 717]
[1061, 715]
[1063, 738]

pos 369
3
[923, 708]
[922, 684]
[946, 683]
[947, 707]

pos 370
11
[1001, 705]
[1000, 680]
[1023, 679]
[1024, 703]

pos 371
19
[1076, 700]
[1075, 677]
[1099, 675]
[1100, 699]

pos 372
7
[961, 668]
[959, 643]
[984, 642]
[985, 666]

pos 373
15
[1038, 664]
[1037, 639]
[1059, 638]
[1060, 662]

pos 374
0
[931, 938]
[930, 915]
[952, 914]
[954, 935]

pos 375
24
[912, 954]
[913, 931]
[936, 932]
[935, 954]

pos 376
4
[720, 918]
[720, 895]
[743, 895]
[744, 918]

pos 377
20
[874, 917]
[875, 894]
[898, 894]
[897, 917]

pos 378
1
[681, 880]
[682, 856]
[705, 856]
[705, 880]

pos 379
17
[835, 878]
[836, 855]
[860, 856]
[860, 879]

pos 380
25
[913, 878]
[913, 855]
[937, 855]
[936, 878]

pos 381
13
[797, 841]
[798, 817]
[821, 817]
[821, 841]

pos 382
5
[720, 842]
[720, 818]
[743, 817]
[744, 841]

pos 383
21
[875, 841]
[875, 817]
[898, 816]
[899, 840]

pos 384
29
[952, 840]
[951, 816]
[975, 815]
[975, 839]

pos 385
10
[759, 803]
[759, 779]
[783, 779]
[783, 803]

pos 386
2
[681, 803]
[681, 779]
[705, 779]
[705, 803]

pos 387
18
[836, 802]
[836, 778]
[860, 778]
[860, 802]

pos 388
26
[914, 802]
[913, 778]
[937, 777]
[937, 801]

pos 389
22
[875, 763]
[876, 739]
[899, 739]
[899, 763]

pos 390
14
[798, 764]
[798, 740]
[821, 739]
[822, 763]

pos 391
30
[952, 763]
[952, 739]
[976, 738]
[976, 762]

pos 392
19
[836, 725]
[836, 701]
[861, 701]
[861, 724]

pos 393
11
[759, 725]
[759, 701]
[783, 701]
[783, 726]

pos 394
27
[913, 723]
[914, 700]
[938, 700]
[937, 724]

pos 395
7
[719, 687]
[720, 662]
[744, 662]
[744, 687]

pos 396
31
[952, 685]
[953, 661]
[977, 661]
[976, 685]

pos 397
23
[875, 686]
[876, 661]
[900, 662]
[899, 686]

pos 398
15
[798, 687]
[798, 662]
[821, 661]
[822, 685]

pos 399
16
[626, 937]
[628, 913]
[651, 915]
[650, 938]

pos 400
0
[471, 925]
[473, 902]
[497, 904]
[495, 927]

pos 401
20
[667, 901]
[669, 878]
[693, 879]
[691, 903]

pos 402
12
[590, 896]
[592, 872]
[616, 874]
[614, 897]

pos 403
4
[512, 890]
[515, 866]
[538, 869]
[536, 892]

pos 404
25
[709, 865]
[711, 842]
[735, 843]
[733, 867]

pos 405
17
[631, 860]
[633, 836]
[657, 838]
[655, 862]

pos 406
9
[554, 855]
[556, 831]
[580, 833]
[578, 857]

pos 407
1
[476, 849]
[478, 825]
[502, 827]
[500, 851]

pos 408
29
[751, 830]
[753, 806]
[777, 807]
[775, 831]

pos 409
21
[673, 825]
[675, 801]
[699, 802]
[697, 826]

pos 410
5
[518, 814]
[520, 789]
[544, 791]
[541, 816]

pos 411
26
[715, 789]
[717, 765]
[741, 766]
[739, 790]

pos 412
18
[637, 783]
[639, 759]
[663, 761]
[661, 785]

pos 413
10
[559, 778]
[561, 754]
[586, 756]
[583, 780]

pos 414
2
[481, 771]
[483, 748]
[508, 750]
[505, 774]

pos 415
30
[756, 752]
[759, 728]
[783, 731]
[781, 754]

pos 416
22
[679, 748]
[681, 723]
[705, 725]
[703, 749]

pos 417
14
[601, 742]
[603, 718]
[627, 719]
[625, 743]

pos 418
6
[523, 736]
[525, 712]
[549, 713]
[547, 738]

pos 419
27
[720, 710]
[722, 687]
[747, 689]
[745, 713]

pos 420
19
[643, 706]
[645, 681]
[669, 683]
[667, 708]

pos 421
11
[565, 701]
[567, 676]
[591, 678]
[589, 702]

pos 422
3
[487, 695]
[489, 670]
[513, 672]
[511, 696]

pos 423
31
[762, 675]
[764, 651]
[789, 653]
[787, 677]

pos 424
23
[684, 669]
[686, 645]
[711, 647]
[709, 671]

pos 425
15
[607, 664]
[609, 639]
[633, 641]
[631, 666]

pos 426
7
[528, 658]
[530, 634]
[555, 636]
[553, 660]

pos 427
24
[511, 899]
[514, 875]
[537, 877]
[535, 901]

pos 428
16
[434, 892]
[436, 868]
[460, 870]
[458, 894]

pos 429
8
[357, 885]
[359, 861]
[383, 864]
[381, 887]

pos 430
0
[280, 877]
[283, 853]
[306, 856]
[303, 880]

pos 431
28
[553, 863]
[556, 840]
[580, 842]
[577, 866]

pos 432
20
[476, 857]
[478, 833]
[502, 835]
[500, 859]

pos 433
4
[322, 843]
[324, 819]
[347, 821]
[345, 845]

pos 434
25
[518, 822]
[520, 798]
[544, 800]
[542, 824]

pos 435
17
[440, 814]
[443, 791]
[467, 794]
[465, 817]

pos 436
9
[363, 808]
[366, 784]
[389, 787]
[387, 810]

pos 437
1
[286, 800]
[288, 777]
[312, 779]
[310, 803]

pos 438
29
[560, 787]
[562, 763]
[587, 765]
[585, 789]

pos 439
21
[482, 780]
[485, 756]
[509, 759]
[507, 782]

pos 440
13
[405, 773]
[407, 749]
[431, 751]
[429, 775]

pos 441
5
[328, 766]
[330, 742]
[354, 744]
[352, 768]

pos 442
26
[525, 745]
[527, 721]
[551, 723]
[549, 747]

pos 443
18
[447, 738]
[450, 713]
[473, 716]
[471, 740]

pos 444
10
[369, 731]
[372, 707]
[396, 709]
[394, 733]

pos 445
30
[567, 710]
[570, 685]
[594, 688]
[591, 712]

pos 446
22
[489, 703]
[491, 679]
[516, 681]
[514, 705]

pos 447
6
[334, 688]
[337, 664]
[360, 666]
[357, 691]

pos 448
27
[531, 667]
[534, 643]
[558, 645]
[556, 669]

pos 449
19
[453, 659]
[456, 636]
[480, 638]
[477, 663]

pos 450
11
[376, 654]
[378, 629]
[402, 631]
[399, 656]

pos 451
3
[298, 645]
[301, 622]
[325, 624]
[323, 648]

pos 452
31
[574, 632]
[576, 607]
[601, 609]
[599, 634]

pos 453
23
[496, 625]
[499, 600]
[523, 603]
[520, 627]

pos 454
15
[418, 618]
[420, 593]
[445, 596]
[442, 620]

pos 455
7
[340, 610]
[343, 586]
[367, 589]
[364, 613]

pos 456
20
[243, 919]
[249, 897]
[271, 903]
[266, 925]

pos 457
25
[290, 893]
[295, 870]
[318, 875]
[313, 898]

pos 458
17
[215, 871]
[222, 849]
[244, 856]
[238, 878]

pos 459
29
[337, 866]
[342, 843]
[366, 849]
[360, 871]

pos 460
21
[261, 845]
[267, 823]
[290, 829]
[285, 851]

pos 461
13
[187, 825]
[193, 803]
[216, 808]
[210, 831]

pos 462
5
[114, 805]
[119, 782]
[141, 788]
[136, 811]

pos 463
18
[234, 798]
[240, 775]
[262, 781]
[257, 804]

pos 464
30
[356, 792]
[362, 768]
[385, 774]
[379, 797]

pos 465
10
[159, 778]
[166, 755]
[188, 761]
[182, 784]

pos 466
22
[280, 770]
[287, 748]
[310, 754]
[304, 777]

pos 467
14
[206, 751]
[212, 728]
[235, 734]
[230, 756]

pos 468
27
[328, 744]
[334, 720]
[357, 727]
[351, 750]

pos 469
6
[132, 730]
[138, 707]
[160, 713]
[155, 736]

pos 470
19
[253, 723]
[259, 700]
[282, 707]
[275, 730]

pos 471
31
[375, 716]
[381, 693]
[405, 699]
[399, 722]

pos 472
11
[178, 703]
[184, 680]
[207, 687]
[201, 709]

pos 473
23
[300, 696]
[306, 673]
[329, 679]
[323, 702]

pos 474
15
[225, 676]
[231, 653]
[254, 658]
[249, 681]

pos 475
7
[151, 655]
[157, 632]
[179, 638]
[173, 662]

pos 476
20
[390, 724]
[393, 700]
[416, 703]
[414, 726]

pos 477
17
[355, 682]
[357, 658]
[381, 661]
[378, 684]

pos 478
1
[200, 666]
[203, 644]
[226, 646]
[224, 669]

pos 479
5
[242, 632]
[244, 609]
[268, 612]
[266, 634]

pos 480
22
[403, 570]
[406, 546]
[430, 549]
[427, 572]

pos 481
27
[445, 534]
[448, 511]
[472, 513]
[470, 537]

pos 482
11
[290, 520]
[292, 497]
[316, 499]
[313, 523]

pos 483
3
[213, 513]
[216, 489]
[239, 492]
[237, 515]

pos 484
31
[488, 500]
[491, 476]
[515, 478]
[512, 502]

pos 485
23
[410, 493]
[413, 468]
[436, 470]
[434, 495]

pos 486
15
[332, 485]
[335, 461]
[359, 464]
[356, 487]

pos 487
7
[255, 478]
[258, 454]
[281, 456]
[279, 480]

pos 488
0
[194, 744]
[197, 721]
[219, 724]
[217, 746]

	 markerCounterPerFrame 
21
28
32
30
27
28
31
32
30
27
29
14
31
15
24
28
29
20
13
	 size of allIdsConcatenated: 576
	 size of allCornersConcatenated: 576
	 size of markerCounterPerFrame: 21
	 cameraMatrix []
	 distCoeffs []
	 board 000000AB13EFE208
	 size [1280 x 1024]
	 calibrationFlags 0
	 Marker 
pos 0
0
[903, 296]
[902, 271]
[925, 270]
[927, 295]

pos 1
16
[1056, 292]
[1056, 267]
[1079, 267]
[1079, 292]

pos 2
24
[1132, 290]
[1131, 266]
[1155, 265]
[1156, 289]

pos 3
4
[940, 256]
[939, 232]
[963, 231]
[965, 254]

pos 4
12
[1017, 254]
[1016, 230]
[1039, 229]
[1041, 253]

pos 5
20
[1093, 252]
[1092, 228]
[1115, 227]
[1117, 252]

pos 6
1
[900, 218]
[900, 193]
[924, 194]
[923, 218]

pos 7
17
[1054, 215]
[1053, 190]
[1076, 189]
[1078, 213]

pos 8
25
[1130, 213]
[1128, 189]
[1152, 188]
[1153, 212]

pos 9
5
[937, 178]
[936, 155]
[961, 153]
[962, 177]

pos 10
13
[1015, 177]
[1013, 152]
[1037, 152]
[1038, 175]

pos 11
21
[1091, 175]
[1089, 151]
[1112, 150]
[1114, 174]

pos 12
29
[1166, 174]
[1165, 150]
[1187, 149]
[1189, 173]

pos 13
2
[897, 140]
[896, 117]
[920, 116]
[921, 140]

pos 14
10
[974, 138]
[973, 115]
[998, 114]
[998, 138]

pos 15
18
[1050, 137]
[1049, 114]
[1073, 112]
[1074, 137]

pos 16
26
[1127, 136]
[1125, 112]
[1148, 111]
[1150, 135]

pos 17
6
[934, 101]
[933, 78]
[957, 76]
[959, 99]

pos 18
14
[1011, 99]
[1012, 75]
[1034, 76]
[1034, 99]

pos 19
22
[1087, 98]
[1087, 74]
[1110, 74]
[1110, 98]

pos 20
30
[1162, 96]
[1162, 73]
[1185, 73]
[1185, 97]

pos 21
3
[894, 64]
[893, 40]
[917, 39]
[918, 63]

pos 22
11
[972, 62]
[970, 38]
[994, 37]
[995, 61]

pos 23
27
[1124, 60]
[1122, 36]
[1145, 36]
[1146, 59]

pos 24
19
[1047, 61]
[1046, 37]
[1070, 36]
[1071, 60]

pos 25
28
[1169, 250]
[1168, 227]
[1191, 226]
[1192, 250]

pos 26
0
[724, 324]
[723, 300]
[747, 298]
[749, 323]

pos 27
8
[803, 322]
[801, 298]
[826, 296]
[827, 321]

pos 28
16
[880, 320]
[879, 295]
[903, 294]
[904, 319]

pos 29
24
[958, 318]
[956, 294]
[980, 292]
[981, 317]

pos 30
4
[762, 284]
[761, 259]
[785, 258]
[787, 283]

pos 31
12
[840, 282]
[839, 257]
[863, 256]
[864, 281]

pos 32
20
[918, 280]
[916, 256]
[940, 254]
[942, 279]

pos 33
28
[994, 278]
[993, 254]
[1017, 253]
[1019, 276]

pos 34
1
[722, 246]
[721, 221]
[745, 220]
[746, 245]

pos 35
9
[800, 244]
[799, 219]
[823, 218]
[824, 243]

pos 36
17
[877, 242]
[876, 218]
[900, 216]
[902, 241]

pos 37
25
[955, 240]
[953, 216]
[978, 215]
[979, 239]

pos 38
5
[760, 206]
[759, 181]
[783, 180]
[784, 205]

pos 39
13
[838, 204]
[837, 179]
[860, 178]
[861, 203]

pos 40
21
[915, 202]
[914, 177]
[938, 177]
[939, 201]

pos 41
29
[991, 200]
[991, 176]
[1015, 175]
[1016, 199]

pos 42
2
[719, 168]
[718, 144]
[743, 143]
[744, 167]

pos 43
10
[798, 166]
[796, 142]
[820, 140]
[822, 164]

pos 44
18
[874, 164]
[873, 140]
[898, 139]
[899, 163]

pos 45
26
[952, 162]
[951, 138]
[975, 137]
[976, 161]

pos 46
6
[756, 127]
[756, 104]
[781, 103]
[781, 127]

pos 47
22
[912, 124]
[911, 100]
[934, 99]
[936, 123]

pos 48
30
[989, 123]
[987, 100]
[1012, 98]
[1013, 122]

pos 49
3
[717, 91]
[715, 66]
[739, 65]
[741, 89]

pos 50
11
[794, 88]
[793, 64]
[817, 63]
[819, 87]

pos 51
19
[872, 87]
[871, 62]
[895, 62]
[896, 85]

pos 52
7
[754, 51]
[753, 26]
[778, 26]
[778, 50]

pos 53
15
[832, 48]
[832, 24]
[855, 25]
[855, 48]

pos 54
23
[909, 47]
[908, 23]
[932, 23]
[933, 46]

pos 55
31
[985, 46]
[985, 22]
[1009, 23]
[1009, 46]

pos 56
24
[708, 344]
[709, 319]
[733, 319]
[733, 344]

pos 57
16
[630, 343]
[630, 318]
[655, 318]
[655, 343]

pos 58
8
[552, 342]
[552, 317]
[577, 317]
[577, 342]

pos 59
0
[473, 340]
[473, 316]
[498, 316]
[498, 341]

pos 60
28
[748, 305]
[749, 280]
[773, 281]
[773, 306]

pos 61
20
[669, 303]
[670, 279]
[695, 280]
[695, 304]

pos 62
12
[591, 302]
[592, 278]
[616, 278]
[616, 303]

pos 63
4
[513, 302]
[514, 277]
[538, 278]
[538, 302]

pos 64
25
[709, 265]
[710, 241]
[734, 241]
[734, 266]

pos 65
17
[631, 264]
[632, 239]
[656, 240]
[656, 265]

pos 66
9
[553, 263]
[553, 238]
[578, 239]
[577, 264]

pos 67
1
[474, 262]
[475, 238]
[500, 238]
[498, 263]

pos 68
29
[749, 227]
[750, 202]
[774, 203]
[773, 228]

pos 69
21
[671, 226]
[672, 201]
[696, 202]
[695, 226]

pos 70
13
[592, 224]
[593, 200]
[618, 201]
[617, 225]

pos 71
5
[514, 223]
[515, 199]
[540, 200]
[539, 224]

pos 72
26
[710, 187]
[711, 163]
[736, 164]
[735, 188]

pos 73
18
[632, 186]
[633, 162]
[657, 162]
[656, 187]

pos 74
10
[554, 185]
[555, 160]
[579, 161]
[579, 185]

pos 75
2
[475, 183]
[476, 160]
[501, 160]
[499, 185]

pos 76
30
[750, 149]
[750, 125]
[775, 125]
[774, 150]

pos 77
22
[672, 148]
[672, 123]
[697, 124]
[696, 148]

pos 78
14
[594, 147]
[594, 122]
[619, 123]
[618, 147]

pos 79
6
[515, 145]
[516, 121]
[541, 122]
[540, 146]

pos 80
27
[711, 110]
[711, 86]
[736, 86]
[736, 110]

pos 81
19
[633, 108]
[634, 84]
[658, 84]
[657, 109]

pos 82
11
[555, 107]
[555, 84]
[580, 83]
[580, 107]

pos 83
3
[477, 107]
[477, 82]
[502, 82]
[501, 107]

pos 84
23
[673, 70]
[673, 46]
[698, 47]
[697, 71]

pos 85
15
[595, 69]
[596, 44]
[620, 46]
[619, 70]

pos 86
7
[516, 67]
[517, 44]
[542, 44]
[540, 69]

pos 87
24
[456, 307]
[457, 283]
[482, 284]
[481, 308]

pos 88
16
[378, 306]
[379, 282]
[403, 282]
[403, 307]

pos 89
0
[223, 305]
[224, 280]
[248, 281]
[247, 305]

pos 90
28
[496, 268]
[497, 244]
[522, 245]
[521, 269]

pos 91
20
[418, 268]
[419, 243]
[443, 244]
[443, 268]

pos 92
12
[340, 267]
[341, 242]
[365, 243]
[364, 267]

pos 93
4
[263, 266]
[263, 242]
[287, 242]
[287, 266]

pos 94
25
[458, 229]
[458, 205]
[483, 205]
[482, 230]

pos 95
17
[380, 228]
[381, 204]
[405, 204]
[404, 229]

pos 96
1
[225, 227]
[226, 202]
[250, 203]
[248, 227]

pos 97
29
[497, 190]
[499, 166]
[523, 167]
[522, 191]

pos 98
21
[419, 189]
[420, 165]
[445, 166]
[444, 190]

pos 99
13
[342, 189]
[343, 164]
[367, 165]
[366, 189]

pos 100
5
[264, 188]
[265, 164]
[289, 164]
[288, 188]

pos 101
26
[459, 151]
[460, 127]
[485, 128]
[483, 152]

pos 102
18
[381, 150]
[382, 126]
[406, 126]
[405, 151]

pos 103
10
[303, 149]
[305, 125]
[329, 126]
[327, 150]

pos 104
2
[226, 149]
[227, 125]
[252, 126]
[250, 149]

pos 105
22
[421, 112]
[421, 88]
[446, 88]
[446, 112]

pos 106
6
[267, 111]
[267, 87]
[290, 86]
[290, 111]

pos 107
19
[383, 73]
[384, 49]
[408, 49]
[407, 73]

pos 108
11
[305, 71]
[306, 48]
[330, 48]
[330, 72]

pos 109
3
[228, 71]
[229, 48]
[253, 48]
[253, 72]

pos 110
31
[501, 36]
[501, 12]
[526, 12]
[526, 36]

pos 111
23
[423, 35]
[424, 10]
[448, 11]
[447, 35]

pos 112
15
[345, 33]
[346, 10]
[370, 10]
[370, 34]

pos 113
7
[269, 34]
[269, 10]
[292, 9]
[292, 33]

pos 114
16
[147, 308]
[148, 284]
[172, 285]
[170, 309]

pos 115
8
[70, 304]
[72, 281]
[95, 282]
[94, 306]

pos 116
28
[264, 273]
[266, 248]
[290, 250]
[288, 274]

pos 117
20
[187, 270]
[188, 246]
[212, 247]
[211, 271]

pos 118
4
[35, 265]
[36, 241]
[59, 242]
[58, 265]

pos 119
25
[227, 232]
[229, 208]
[253, 209]
[252, 233]

pos 120
17
[151, 230]
[153, 205]
[176, 206]
[174, 231]

pos 121
21
[191, 192]
[192, 168]
[216, 168]
[214, 193]

pos 122
13
[114, 189]
[116, 165]
[140, 167]
[138, 190]

pos 123
5
[39, 187]
[41, 163]
[63, 164]
[61, 188]

pos 124
26
[231, 154]
[233, 130]
[257, 132]
[255, 155]

pos 125
18
[155, 152]
[156, 128]
[179, 128]
[177, 153]

pos 126
10
[78, 149]
[80, 125]
[103, 126]
[101, 150]

pos 127
2
[3, 147]
[5, 124]
[28, 125]
[26, 148]

pos 128
30
[272, 117]
[274, 92]
[298, 94]
[296, 117]

pos 129
22
[194, 113]
[196, 90]
[220, 91]
[218, 115]

pos 130
6
[42, 109]
[44, 86]
[67, 87]
[66, 110]

pos 131
19
[159, 75]
[161, 50]
[183, 51]
[182, 75]

pos 132
11
[82, 72]
[84, 48]
[107, 49]
[105, 72]

pos 133
31
[276, 39]
[277, 15]
[301, 16]
[300, 40]

pos 134
23
[198, 36]
[200, 13]
[224, 14]
[222, 38]

pos 135
15
[122, 34]
[123, 11]
[147, 12]
[145, 36]

pos 136
7
[47, 33]
[49, 9]
[71, 10]
[70, 33]

pos 137
24
[255, 474]
[257, 450]
[280, 451]
[279, 476]

pos 138
16
[178, 472]
[180, 448]
[203, 449]
[201, 474]

pos 139
28
[295, 437]
[296, 412]
[320, 413]
[320, 437]

pos 140
20
[218, 435]
[219, 410]
[242, 411]
[242, 435]

pos 141
12
[141, 433]
[142, 408]
[166, 410]
[165, 433]

pos 142
4
[64, 430]
[66, 407]
[88, 407]
[88, 431]

pos 143
25
[257, 396]
[259, 372]
[283, 373]
[282, 397]

pos 144
17
[180, 394]
[181, 370]
[205, 371]
[204, 395]

pos 145
9
[103, 392]
[105, 368]
[128, 369]
[127, 393]

pos 146
1
[28, 391]
[29, 367]
[52, 368]
[50, 392]

pos 147
29
[297, 358]
[298, 334]
[323, 335]
[322, 359]

pos 148
21
[220, 356]
[221, 332]
[245, 333]
[244, 357]

pos 149
13
[143, 354]
[144, 330]
[168, 331]
[167, 355]

pos 150
5
[67, 353]
[68, 329]
[91, 329]
[89, 354]

pos 151
26
[260, 318]
[261, 294]
[285, 295]
[284, 319]

pos 152
18
[182, 316]
[184, 292]
[207, 293]
[206, 317]

pos 153
10
[106, 315]
[108, 290]
[130, 291]
[129, 315]

pos 154
30
[300, 280]
[301, 256]
[325, 256]
[324, 281]

pos 155
22
[222, 278]
[223, 254]
[247, 254]
[246, 279]

pos 156
14
[145, 276]
[147, 252]
[170, 253]
[169, 277]

pos 157
27
[262, 240]
[263, 216]
[288, 217]
[286, 241]

pos 158
19
[185, 239]
[187, 214]
[210, 215]
[208, 239]

pos 159
11
[108, 237]
[109, 213]
[133, 214]
[132, 237]

pos 160
3
[32, 235]
[34, 212]
[57, 213]
[56, 236]

pos 161
31
[302, 202]
[303, 178]
[328, 178]
[326, 203]

pos 162
23
[225, 201]
[226, 176]
[250, 177]
[249, 201]

pos 163
15
[148, 199]
[150, 174]
[173, 176]
[171, 200]

pos 164
7
[72, 198]
[74, 173]
[96, 174]
[95, 198]

pos 165
0
[25, 468]
[27, 445]
[49, 446]
[48, 469]

pos 166
24
[470, 530]
[471, 506]
[496, 508]
[494, 532]

pos 167
16
[392, 529]
[393, 504]
[417, 505]
[417, 530]

pos 168
8
[314, 527]
[315, 503]
[339, 503]
[339, 528]

pos 169
0
[237, 525]
[238, 501]
[262, 502]
[261, 526]

pos 170
28
[510, 492]
[511, 468]
[536, 468]
[535, 493]

pos 171
20
[432, 491]
[433, 466]
[457, 467]
[457, 491]

pos 172
4
[276, 487]
[277, 463]
[301, 463]
[300, 488]

pos 173
25
[472, 452]
[473, 427]
[497, 428]
[496, 453]

pos 174
17
[394, 451]
[394, 426]
[419, 427]
[418, 451]

pos 175
1
[238, 447]
[239, 423]
[263, 423]
[262, 448]

pos 176
29
[512, 414]
[512, 389]
[538, 390]
[537, 414]

pos 177
21
[433, 411]
[434, 387]
[459, 388]
[458, 413]

pos 178
13
[356, 411]
[356, 386]
[381, 387]
[380, 411]

pos 179
5
[278, 409]
[279, 384]
[303, 385]
[302, 409]

pos 180
26
[473, 373]
[474, 349]
[499, 349]
[498, 374]

pos 181
18
[395, 371]
[396, 347]
[421, 349]
[420, 372]

pos 182
10
[317, 370]
[318, 346]
[343, 347]
[341, 371]

pos 183
2
[240, 369]
[241, 344]
[265, 345]
[264, 369]

pos 184
30
[513, 334]
[515, 310]
[539, 311]
[538, 336]

pos 185
22
[435, 333]
[436, 309]
[461, 310]
[460, 334]

pos 186
6
[280, 331]
[280, 306]
[305, 307]
[304, 331]

pos 187
27
[475, 295]
[476, 270]
[501, 272]
[499, 296]

pos 188
19
[397, 293]
[398, 269]
[422, 269]
[421, 294]

pos 189
11
[319, 292]
[320, 267]
[344, 268]
[343, 292]

pos 190
3
[242, 291]
[243, 266]
[266, 267]
[266, 291]

pos 191
31
[515, 256]
[516, 232]
[541, 233]
[540, 257]

pos 192
23
[437, 255]
[437, 230]
[462, 231]
[461, 256]

pos 193
15
[359, 253]
[360, 228]
[384, 230]
[383, 254]

pos 194
7
[281, 252]
[282, 228]
[306, 228]
[304, 253]

pos 195
0
[452, 538]
[452, 513]
[477, 513]
[477, 538]

pos 196
8
[531, 537]
[530, 513]
[555, 512]
[556, 537]

pos 197
16
[609, 536]
[609, 511]
[634, 512]
[633, 536]

pos 198
24
[687, 535]
[687, 510]
[712, 510]
[712, 535]

pos 199
4
[491, 498]
[491, 473]
[515, 473]
[515, 498]

pos 200
12
[569, 497]
[569, 472]
[593, 472]
[594, 497]

pos 201
20
[647, 495]
[648, 471]
[672, 471]
[672, 496]

pos 202
28
[726, 495]
[725, 471]
[750, 470]
[751, 495]

pos 203
1
[452, 460]
[450, 435]
[475, 434]
[476, 459]

pos 204
9
[529, 458]
[530, 433]
[554, 434]
[554, 458]

pos 205
17
[607, 456]
[608, 432]
[632, 432]
[632, 457]

pos 206
25
[686, 456]
[685, 432]
[710, 431]
[711, 456]

pos 207
5
[490, 420]
[489, 395]
[514, 394]
[514, 419]

pos 208
13
[569, 419]
[567, 394]
[592, 393]
[593, 418]

pos 209
21
[646, 417]
[647, 392]
[671, 393]
[671, 417]

pos 210
29
[725, 417]
[724, 392]
[749, 391]
[750, 415]

pos 211
2
[450, 381]
[449, 356]
[474, 356]
[474, 380]

pos 212
10
[528, 380]
[527, 356]
[552, 354]
[553, 379]

pos 213
18
[607, 379]
[606, 354]
[630, 353]
[631, 378]

pos 214
26
[685, 378]
[684, 353]
[708, 352]
[710, 376]

pos 215
6
[488, 341]
[488, 316]
[512, 316]
[513, 340]

pos 216
14
[566, 339]
[566, 315]
[591, 315]
[591, 340]

pos 217
30
[723, 338]
[723, 313]
[748, 314]
[747, 338]

pos 218
22
[645, 339]
[644, 315]
[668, 313]
[670, 337]

pos 219
3
[449, 303]
[448, 278]
[471, 277]
[473, 302]

pos 220
11
[526, 300]
[527, 276]
[551, 276]
[550, 301]

pos 221
19
[605, 300]
[605, 275]
[629, 275]
[629, 300]

pos 222
7
[487, 263]
[486, 238]
[510, 237]
[511, 262]

pos 223
15
[565, 261]
[565, 236]
[589, 237]
[590, 261]

pos 224
23
[643, 260]
[644, 235]
[668, 236]
[668, 260]

pos 225
31
[722, 259]
[721, 235]
[746, 234]
[746, 259]

pos 226
8
[534, 538]
[535, 514]
[559, 514]
[559, 539]

pos 227
0
[456, 539]
[456, 514]
[481, 514]
[481, 539]

pos 228
24
[691, 538]
[691, 513]
[716, 513]
[716, 538]

pos 229
16
[613, 538]
[613, 513]
[638, 514]
[637, 539]

pos 230
4
[495, 499]
[495, 475]
[520, 475]
[519, 500]

pos 231
28
[730, 498]
[730, 474]
[755, 474]
[754, 499]

pos 232
20
[652, 499]
[652, 474]
[677, 475]
[676, 499]

pos 233
12
[573, 499]
[574, 474]
[598, 474]
[598, 499]

pos 234
17
[612, 459]
[613, 435]
[638, 436]
[637, 460]

pos 235
9
[534, 460]
[534, 435]
[559, 435]
[559, 460]

pos 236
1
[456, 460]
[456, 435]
[481, 436]
[481, 460]

pos 237
25
[691, 460]
[691, 435]
[716, 435]
[715, 460]

pos 238
5
[495, 421]
[495, 396]
[520, 396]
[520, 421]

pos 239
29
[730, 420]
[730, 395]
[755, 395]
[755, 420]

pos 240
21
[652, 421]
[651, 396]
[676, 395]
[677, 420]

pos 241
13
[573, 421]
[573, 396]
[597, 395]
[598, 421]

pos 242
2
[455, 381]
[456, 357]
[480, 357]
[480, 382]

pos 243
26
[691, 381]
[691, 356]
[716, 357]
[715, 381]

pos 244
18
[612, 381]
[613, 356]
[637, 356]
[637, 381]

pos 245
10
[534, 382]
[535, 356]
[559, 357]
[559, 381]

pos 246
30
[729, 341]
[730, 317]
[755, 318]
[754, 342]

pos 247
22
[651, 341]
[652, 317]
[676, 317]
[676, 342]

pos 248
14
[573, 342]
[574, 317]
[598, 318]
[598, 342]

pos 249
6
[495, 343]
[496, 317]
[520, 318]
[519, 342]

pos 250
27
[690, 302]
[691, 278]
[715, 278]
[715, 303]

pos 251
19
[612, 303]
[612, 278]
[637, 278]
[636, 303]

pos 252
11
[534, 303]
[534, 278]
[559, 279]
[558, 303]

pos 253
3
[456, 304]
[455, 279]
[479, 278]
[480, 303]

pos 254
31
[729, 263]
[729, 239]
[754, 239]
[754, 264]

pos 255
15
[573, 263]
[573, 239]
[598, 240]
[597, 264]

pos 256
7
[494, 263]
[495, 239]
[520, 240]
[519, 264]

pos 257
23
[651, 263]
[652, 238]
[676, 239]
[675, 264]

pos 258
24
[883, 541]
[884, 517]
[909, 518]
[907, 543]

pos 259
16
[805, 537]
[807, 513]
[831, 514]
[830, 539]

pos 260
8
[728, 534]
[729, 509]
[754, 511]
[752, 535]

pos 261
0
[649, 529]
[651, 505]
[675, 506]
[674, 531]

pos 262
28
[924, 504]
[925, 480]
[950, 482]
[948, 506]

pos 263
20
[846, 500]
[847, 476]
[872, 477]
[871, 502]

pos 264
12
[768, 496]
[770, 472]
[794, 473]
[793, 498]

pos 265
4
[691, 493]
[692, 468]
[717, 470]
[715, 494]

pos 266
25
[887, 463]
[888, 439]
[913, 440]
[911, 465]

pos 267
17
[809, 459]
[811, 435]
[836, 436]
[834, 461]

pos 268
9
[732, 456]
[733, 430]
[758, 432]
[756, 457]

pos 269
1
[653, 451]
[655, 426]
[680, 428]
[678, 453]

pos 270
21
[850, 422]
[853, 397]
[876, 399]
[875, 424]

pos 271
13
[773, 418]
[775, 393]
[799, 395]
[796, 420]

pos 272
5
[694, 414]
[696, 389]
[721, 391]
[719, 416]

pos 273
26
[891, 385]
[892, 361]
[917, 362]
[915, 387]

pos 274
18
[813, 381]
[815, 356]
[840, 358]
[838, 382]

pos 275
10
[736, 377]
[737, 352]
[762, 354]
[760, 378]

pos 276
2
[657, 373]
[659, 348]
[684, 350]
[682, 374]

pos 277
30
[931, 348]
[933, 324]
[958, 326]
[955, 350]

pos 278
22
[854, 344]
[856, 319]
[880, 321]
[879, 345]

pos 279
14
[777, 340]
[778, 315]
[802, 316]
[801, 341]

pos 280
6
[698, 335]
[700, 311]
[725, 313]
[723, 337]

pos 281
27
[895, 307]
[896, 283]
[921, 285]
[919, 309]

pos 282
19
[817, 303]
[819, 278]
[843, 279]
[842, 304]

pos 283
11
[739, 298]
[741, 274]
[766, 276]
[764, 300]

pos 284
3
[661, 295]
[663, 270]
[687, 271]
[686, 296]

pos 285
31
[935, 271]
[937, 246]
[961, 247]
[960, 272]

pos 286
23
[858, 266]
[860, 241]
[884, 243]
[882, 268]

pos 287
15
[780, 261]
[782, 237]
[806, 238]
[805, 263]

pos 288
7
[702, 258]
[704, 233]
[728, 234]
[727, 259]

pos 289
24
[1080, 533]
[1081, 509]
[1104, 510]
[1104, 534]

pos 290
16
[1004, 533]
[1004, 509]
[1028, 509]
[1027, 534]

pos 291
0
[862, 532]
[862, 508]
[885, 508]
[885, 533]

pos 292
28
[1119, 495]
[1119, 471]
[1143, 472]
[1142, 496]

pos 293
20
[1042, 494]
[1043, 470]
[1067, 471]
[1066, 495]

pos 294
12
[972, 494]
[972, 470]
[991, 469]
[991, 494]

pos 295
4
[899, 493]
[899, 469]
[924, 469]
[923, 494]

pos 296
25
[1081, 456]
[1081, 432]
[1105, 432]
[1104, 457]

pos 297
17
[1005, 455]
[1005, 431]
[1029, 431]
[1029, 456]

pos 298
1
[862, 454]
[863, 429]
[886, 430]
[885, 454]

pos 299
29
[1119, 417]
[1120, 393]
[1144, 394]
[1143, 418]

pos 300
21
[1043, 417]
[1044, 392]
[1068, 393]
[1067, 417]

pos 301
13
[973, 416]
[974, 391]
[992, 392]
[992, 416]

pos 302
5
[900, 415]
[900, 390]
[923, 389]
[924, 415]

pos 303
26
[1082, 379]
[1082, 354]
[1106, 354]
[1105, 379]

pos 304
18
[1005, 377]
[1006, 353]
[1030, 354]
[1029, 378]

pos 305
10
[939, 375]
[940, 350]
[962, 351]
[961, 376]

pos 306
30
[1120, 340]
[1120, 316]
[1144, 316]
[1144, 341]

pos 307
22
[1044, 339]
[1044, 315]
[1068, 315]
[1067, 340]

pos 308
14
[974, 337]
[974, 313]
[992, 314]
[992, 338]

pos 309
6
[900, 336]
[901, 311]
[925, 311]
[924, 336]

pos 310
27
[1082, 301]
[1082, 277]
[1106, 278]
[1106, 301]

pos 311
19
[1005, 299]
[1006, 275]
[1030, 276]
[1030, 300]

pos 312
11
[939, 297]
[939, 272]
[963, 273]
[962, 297]

pos 313
3
[862, 297]
[862, 273]
[886, 272]
[886, 297]

pos 314
31
[1120, 263]
[1121, 238]
[1144, 239]
[1143, 264]

pos 315
23
[1044, 261]
[1045, 237]
[1069, 238]
[1068, 262]

pos 316
15
[975, 259]
[975, 234]
[992, 236]
[992, 260]

pos 317
7
[900, 257]
[901, 232]
[925, 233]
[925, 257]

pos 318
24
[1079, 548]
[1081, 524]
[1104, 526]
[1103, 550]

pos 319
16
[1002, 541]
[1005, 517]
[1029, 520]
[1027, 544]

pos 320
0
[862, 525]
[866, 501]
[889, 505]
[886, 529]

pos 321
28
[1120, 513]
[1122, 489]
[1145, 491]
[1144, 514]

pos 322
20
[1044, 506]
[1046, 482]
[1070, 484]
[1068, 508]

pos 323
4
[904, 491]
[907, 468]
[930, 472]
[927, 495]

pos 324
17
[1009, 464]
[1012, 439]
[1035, 442]
[1033, 466]

pos 325
1
[872, 448]
[874, 424]
[898, 427]
[895, 451]

pos 326
29
[1126, 435]
[1128, 411]
[1152, 414]
[1149, 438]

pos 327
21
[1050, 428]
[1052, 404]
[1076, 406]
[1074, 430]

pos 328
5
[913, 414]
[916, 389]
[938, 392]
[935, 417]

pos 329
26
[1091, 393]
[1093, 369]
[1117, 371]
[1115, 395]

pos 330
18
[1015, 386]
[1017, 362]
[1041, 364]
[1039, 388]

pos 331
22
[1056, 350]
[1059, 326]
[1082, 329]
[1080, 353]

pos 332
27
[1097, 316]
[1099, 292]
[1122, 294]
[1120, 318]

pos 333
19
[1021, 308]
[1023, 284]
[1047, 287]
[1044, 311]

pos 334
31
[1138, 281]
[1140, 257]
[1163, 259]
[1162, 283]

pos 335
23
[1062, 273]
[1064, 249]
[1088, 252]
[1085, 276]

pos 336
0
[842, 720]
[841, 695]
[865, 695]
[866, 719]

pos 337
16
[996, 716]
[995, 691]
[1018, 690]
[1020, 714]

pos 338
4
[879, 679]
[880, 655]
[904, 656]
[903, 680]

pos 339
12
[956, 677]
[957, 653]
[980, 653]
[980, 677]

pos 340
20
[1033, 676]
[1034, 651]
[1057, 652]
[1057, 675]

pos 341
28
[1109, 673]
[1109, 649]
[1132, 649]
[1132, 673]

pos 342
1
[839, 641]
[840, 617]
[864, 617]
[864, 642]

pos 343
9
[918, 640]
[917, 616]
[941, 615]
[942, 639]

pos 344
17
[994, 638]
[994, 613]
[1018, 613]
[1017, 638]

pos 345
25
[1071, 636]
[1070, 612]
[1094, 611]
[1094, 635]

pos 346
5
[878, 602]
[879, 577]
[903, 578]
[903, 602]

pos 347
21
[1032, 598]
[1032, 574]
[1056, 574]
[1055, 598]

pos 348
29
[1108, 596]
[1107, 572]
[1131, 571]
[1132, 595]

pos 349
2
[838, 564]
[838, 539]
[862, 538]
[863, 563]

pos 350
18
[992, 559]
[992, 536]
[1017, 535]
[1017, 560]

pos 351
26
[1070, 559]
[1069, 534]
[1093, 533]
[1093, 558]

pos 352
6
[876, 523]
[877, 499]
[901, 499]
[901, 524]

pos 353
14
[954, 522]
[954, 498]
[977, 497]
[978, 521]

pos 354
22
[1031, 521]
[1030, 496]
[1053, 495]
[1055, 520]

pos 355
30
[1107, 519]
[1106, 495]
[1130, 494]
[1131, 518]

pos 356
3
[837, 486]
[836, 461]
[860, 460]
[862, 484]

pos 357
11
[915, 484]
[915, 459]
[939, 459]
[939, 484]

pos 358
19
[992, 483]
[991, 458]
[1015, 457]
[1016, 481]

pos 359
27
[1068, 481]
[1068, 456]
[1091, 456]
[1091, 480]

pos 360
7
[875, 446]
[875, 421]
[899, 420]
[900, 445]

pos 361
15
[953, 444]
[953, 419]
[976, 420]
[976, 444]

pos 362
23
[1029, 443]
[1029, 418]
[1052, 417]
[1053, 442]

pos 363
31
[1105, 441]
[1104, 417]
[1128, 416]
[1129, 440]

pos 364
16
[733, 750]
[735, 726]
[759, 727]
[757, 752]

pos 365
8
[655, 746]
[657, 722]
[681, 723]
[680, 748]

pos 366
0
[577, 742]
[579, 718]
[603, 719]
[602, 744]

pos 367
28
[852, 716]
[853, 692]
[877, 693]
[876, 718]

pos 368
20
[774, 713]
[776, 689]
[800, 690]
[799, 714]

pos 369
4
[619, 706]
[620, 681]
[644, 682]
[643, 707]

pos 370
25
[815, 676]
[817, 651]
[841, 653]
[840, 677]

pos 371
17
[737, 672]
[739, 648]
[763, 649]
[761, 674]

pos 372
9
[659, 669]
[661, 644]
[686, 646]
[684, 670]

pos 373
1
[581, 665]
[583, 640]
[607, 641]
[606, 666]

pos 374
29
[856, 639]
[858, 614]
[882, 616]
[881, 640]

pos 375
21
[778, 635]
[780, 611]
[804, 612]
[802, 637]

pos 376
13
[700, 631]
[702, 607]
[726, 608]
[725, 633]

pos 377
5
[622, 627]
[624, 603]
[648, 604]
[647, 629]

pos 378
26
[819, 598]
[820, 574]
[845, 575]
[844, 599]

pos 379
18
[741, 594]
[743, 570]
[767, 571]
[765, 596]

pos 380
10
[663, 591]
[665, 566]
[690, 568]
[688, 592]

pos 381
2
[585, 587]
[587, 562]
[611, 563]
[609, 588]

pos 382
30
[860, 561]
[862, 536]
[886, 538]
[885, 562]

pos 383
22
[782, 557]
[784, 533]
[808, 534]
[807, 558]

pos 384
14
[704, 553]
[706, 529]
[730, 530]
[728, 555]

pos 385
6
[626, 550]
[628, 525]
[652, 526]
[650, 551]

pos 386
27
[823, 520]
[825, 495]
[849, 497]
[848, 521]

pos 387
19
[745, 516]
[748, 491]
[771, 493]
[769, 518]

pos 388
11
[667, 512]
[669, 488]
[694, 490]
[691, 514]

pos 389
3
[589, 509]
[590, 484]
[615, 485]
[613, 510]

pos 390
31
[864, 483]
[865, 458]
[890, 460]
[889, 484]

pos 391
23
[786, 479]
[788, 454]
[812, 455]
[811, 480]

pos 392
15
[708, 474]
[710, 450]
[734, 452]
[733, 476]

pos 393
7
[630, 471]
[632, 446]
[656, 448]
[655, 472]

pos 394
16
[513, 745]
[514, 721]
[539, 723]
[537, 747]

pos 395
0
[357, 735]
[359, 711]
[383, 713]
[381, 737]

pos 396
28
[632, 714]
[634, 689]
[658, 691]
[657, 715]

pos 397
20
[554, 708]
[557, 684]
[580, 686]
[579, 710]

pos 398
12
[476, 704]
[479, 679]
[502, 681]
[501, 705]

pos 399
4
[398, 698]
[401, 674]
[424, 676]
[423, 700]

pos 400
25
[596, 672]
[597, 648]
[622, 649]
[620, 674]

pos 401
17
[518, 668]
[520, 643]
[544, 645]
[542, 669]

pos 402
9
[440, 663]
[442, 638]
[466, 640]
[464, 664]

pos 403
1
[362, 657]
[364, 633]
[388, 635]
[386, 659]

pos 404
21
[559, 631]
[562, 606]
[586, 608]
[584, 632]

pos 405
13
[481, 625]
[484, 601]
[508, 604]
[505, 628]

pos 406
5
[403, 620]
[405, 597]
[430, 599]
[427, 623]

pos 407
26
[601, 594]
[603, 570]
[628, 572]
[625, 596]

pos 408
18
[523, 589]
[525, 565]
[549, 566]
[547, 591]

pos 409
10
[445, 585]
[447, 560]
[471, 561]
[469, 586]

pos 410
2
[367, 579]
[369, 555]
[393, 557]
[391, 581]

pos 411
30
[643, 558]
[645, 533]
[669, 534]
[668, 559]

pos 412
22
[564, 552]
[567, 528]
[591, 530]
[589, 554]

pos 413
14
[486, 547]
[488, 523]
[513, 525]
[511, 549]

pos 414
6
[408, 542]
[411, 518]
[435, 520]
[433, 544]

pos 415
27
[606, 516]
[608, 491]
[633, 493]
[631, 518]

pos 416
19
[528, 511]
[531, 486]
[555, 489]
[552, 513]

pos 417
11
[450, 506]
[452, 482]
[477, 484]
[474, 508]

pos 418
3
[372, 501]
[374, 477]
[398, 478]
[396, 503]

pos 419
31
[648, 479]
[651, 454]
[675, 457]
[673, 481]

pos 420
23
[570, 474]
[572, 450]
[596, 451]
[595, 476]

pos 421
15
[492, 470]
[494, 445]
[518, 446]
[516, 471]

pos 422
7
[414, 464]
[416, 440]
[440, 442]
[438, 466]

pos 423
16
[351, 741]
[352, 717]
[376, 718]
[376, 742]

pos 424
8
[274, 739]
[274, 715]
[298, 715]
[298, 739]

pos 425
0
[197, 735]
[198, 711]
[221, 712]
[220, 737]

pos 426
28
[469, 706]
[470, 682]
[494, 683]
[494, 707]

pos 427
20
[391, 703]
[392, 679]
[416, 680]
[416, 704]

pos 428
4
[236, 698]
[237, 674]
[261, 676]
[260, 699]

pos 429
25
[431, 666]
[432, 641]
[457, 643]
[456, 667]

pos 430
17
[353, 663]
[354, 639]
[378, 640]
[377, 664]

pos 431
1
[199, 658]
[200, 634]
[224, 636]
[222, 659]

pos 432
29
[471, 628]
[473, 603]
[497, 605]
[496, 629]

pos 433
21
[393, 625]
[394, 601]
[419, 603]
[417, 627]

pos 434
13
[315, 623]
[316, 599]
[341, 600]
[340, 624]

pos 435
5
[238, 620]
[239, 596]
[263, 597]
[262, 621]

pos 436
26
[433, 587]
[434, 563]
[459, 564]
[458, 589]

pos 437
18
[355, 585]
[356, 561]
[380, 562]
[380, 586]

pos 438
10
[277, 582]
[279, 558]
[303, 559]
[301, 584]

pos 439
2
[200, 580]
[202, 556]
[226, 557]
[224, 581]

pos 440
30
[473, 549]
[475, 525]
[499, 526]
[498, 551]

pos 441
22
[395, 547]
[396, 523]
[421, 524]
[420, 548]

pos 442
6
[240, 542]
[241, 518]
[265, 519]
[264, 543]

pos 443
27
[435, 509]
[436, 485]
[461, 486]
[460, 510]

pos 444
19
[357, 506]
[359, 482]
[383, 484]
[382, 508]

pos 445
11
[280, 505]
[281, 480]
[305, 481]
[303, 506]

pos 446
3
[203, 502]
[203, 478]
[228, 479]
[226, 503]

pos 447
31
[476, 472]
[477, 447]
[502, 448]
[501, 472]

pos 448
23
[397, 468]
[399, 444]
[423, 445]
[422, 470]

pos 449
15
[320, 467]
[321, 442]
[345, 443]
[344, 467]

pos 450
7
[242, 464]
[244, 439]
[268, 441]
[266, 465]

pos 451
24
[331, 745]
[332, 720]
[355, 721]
[355, 745]

pos 452
16
[253, 743]
[254, 719]
[277, 719]
[277, 744]

pos 453
0
[100, 739]
[101, 716]
[124, 717]
[124, 740]

pos 454
28
[369, 705]
[370, 682]
[395, 683]
[394, 707]

pos 455
20
[292, 705]
[292, 681]
[316, 681]
[315, 706]

pos 456
4
[138, 701]
[139, 678]
[162, 679]
[162, 702]

pos 457
25
[331, 667]
[332, 642]
[356, 643]
[356, 667]

pos 458
17
[254, 665]
[254, 641]
[278, 642]
[277, 666]

pos 459
1
[100, 662]
[101, 638]
[125, 640]
[123, 663]

pos 460
29
[370, 628]
[371, 604]
[396, 605]
[395, 629]

pos 461
21
[292, 626]
[293, 603]
[318, 604]
[316, 628]

pos 462
13
[215, 625]
[216, 601]
[240, 602]
[240, 626]

pos 463
5
[139, 624]
[140, 600]
[163, 601]
[162, 625]

pos 464
26
[332, 589]
[333, 564]
[357, 565]
[356, 589]

pos 465
18
[254, 587]
[255, 563]
[279, 564]
[278, 588]

pos 466
10
[177, 586]
[178, 562]
[202, 562]
[201, 586]

pos 467
2
[101, 585]
[102, 560]
[125, 561]
[124, 585]

pos 468
30
[371, 550]
[372, 526]
[397, 527]
[396, 551]

pos 469
22
[293, 548]
[295, 524]
[319, 526]
[318, 549]

pos 470
14
[216, 548]
[217, 523]
[241, 524]
[240, 548]

pos 471
6
[139, 545]
[140, 522]
[164, 522]
[163, 547]

pos 472
27
[333, 511]
[334, 486]
[358, 486]
[358, 511]

pos 473
19
[255, 509]
[256, 485]
[280, 485]
[279, 510]

pos 474
11
[178, 508]
[179, 484]
[203, 485]
[202, 508]

pos 475
3
[102, 507]
[102, 483]
[126, 483]
[125, 507]

pos 476
23
[295, 471]
[295, 446]
[320, 447]
[319, 471]

pos 477
15
[217, 469]
[218, 445]
[242, 446]
[241, 470]

pos 478
31
[373, 471]
[374, 447]
[398, 447]
[398, 472]

pos 479
28
[293, 906]
[297, 883]
[320, 888]
[316, 910]

pos 480
20
[217, 892]
[221, 870]
[243, 873]
[240, 896]

pos 481
17
[186, 848]
[190, 824]
[212, 829]
[208, 852]

pos 482
29
[305, 831]
[310, 808]
[333, 812]
[329, 835]

pos 483
21
[229, 817]
[234, 794]
[257, 798]
[253, 821]

pos 484
13
[154, 803]
[158, 780]
[181, 784]
[177, 807]

pos 485
5
[79, 788]
[84, 765]
[105, 769]
[101, 793]

pos 486
26
[274, 787]
[278, 763]
[301, 767]
[298, 790]

pos 487
18
[198, 772]
[202, 749]
[225, 753]
[222, 776]

pos 488
10
[122, 758]
[126, 735]
[149, 739]
[146, 762]

pos 489
30
[318, 755]
[323, 732]
[346, 736]
[342, 760]

pos 490
22
[242, 742]
[246, 718]
[270, 723]
[266, 746]

pos 491
19
[211, 696]
[215, 673]
[238, 677]
[234, 701]

pos 492
11
[135, 682]
[139, 659]
[162, 663]
[158, 686]

pos 493
31
[332, 680]
[336, 656]
[360, 660]
[356, 684]

pos 494
3
[61, 668]
[65, 644]
[87, 648]
[83, 672]

pos 495
23
[255, 665]
[260, 641]
[283, 646]
[279, 670]

pos 496
15
[179, 651]
[184, 627]
[208, 632]
[203, 655]

pos 497
7
[104, 636]
[109, 613]
[132, 618]
[127, 641]

pos 498
24
[541, 939]
[542, 915]
[566, 917]
[565, 940]

pos 499
16
[463, 936]
[464, 913]
[488, 914]
[487, 938]

pos 500
8
[386, 934]
[387, 911]
[411, 913]
[410, 935]

pos 501
0
[309, 931]
[310, 908]
[334, 910]
[332, 933]

pos 502
28
[581, 902]
[582, 878]
[606, 879]
[605, 903]

pos 503
20
[503, 899]
[504, 876]
[528, 877]
[527, 900]

pos 504
12
[426, 898]
[426, 874]
[450, 874]
[450, 898]

pos 505
4
[348, 894]
[349, 871]
[373, 873]
[371, 896]

pos 506
25
[543, 862]
[544, 838]
[568, 839]
[567, 863]

pos 507
17
[465, 860]
[466, 836]
[490, 837]
[490, 861]

pos 508
9
[388, 858]
[389, 834]
[413, 836]
[412, 859]

pos 509
1
[310, 854]
[312, 831]
[335, 832]
[334, 856]

pos 510
29
[583, 825]
[584, 801]
[608, 801]
[607, 826]

pos 511
21
[505, 823]
[506, 799]
[530, 799]
[529, 824]

pos 512
13
[427, 820]
[428, 797]
[452, 797]
[452, 821]

pos 513
5
[350, 818]
[351, 794]
[375, 796]
[374, 819]

pos 514
26
[545, 785]
[546, 761]
[570, 762]
[569, 786]

pos 515
18
[467, 783]
[468, 759]
[492, 759]
[491, 784]

pos 516
2
[312, 778]
[313, 754]
[337, 755]
[335, 779]

pos 517
30
[585, 748]
[586, 723]
[611, 725]
[610, 748]

pos 518
22
[507, 746]
[508, 721]
[532, 722]
[531, 746]

pos 519
14
[429, 743]
[430, 719]
[454, 719]
[453, 744]

pos 520
6
[351, 740]
[353, 716]
[376, 717]
[375, 742]

pos 521
27
[547, 708]
[548, 683]
[572, 684]
[572, 708]

pos 522
19
[469, 705]
[470, 681]
[494, 682]
[493, 706]

pos 523
11
[391, 703]
[392, 679]
[416, 680]
[415, 704]

pos 524
3
[313, 700]
[314, 676]
[338, 677]
[338, 701]

pos 525
23
[509, 668]
[510, 643]
[534, 643]
[534, 668]

pos 526
15
[431, 665]
[432, 641]
[456, 641]
[455, 666]

pos 527
7
[353, 663]
[354, 638]
[378, 639]
[377, 664]

pos 528
31
[588, 669]
[588, 645]
[613, 645]
[612, 670]

pos 529
24
[817, 932]
[818, 908]
[841, 909]
[840, 933]

pos 530
16
[739, 930]
[740, 907]
[764, 908]
[763, 931]

pos 531
0
[584, 926]
[585, 903]
[609, 904]
[607, 928]

pos 532
28
[856, 894]
[857, 871]
[881, 872]
[880, 895]

pos 533
20
[779, 893]
[780, 869]
[804, 871]
[802, 894]

pos 534
4
[624, 889]
[626, 865]
[648, 866]
[648, 890]

pos 535
17
[741, 853]
[742, 829]
[766, 830]
[765, 854]

pos 536
1
[586, 850]
[588, 825]
[611, 827]
[610, 850]

pos 537
29
[858, 817]
[859, 794]
[884, 795]
[883, 818]

pos 538
21
[781, 816]
[783, 792]
[806, 793]
[805, 817]

pos 539
13
[703, 814]
[705, 790]
[728, 791]
[727, 815]

pos 540
5
[626, 812]
[627, 788]
[651, 790]
[649, 814]

pos 541
26
[821, 778]
[822, 754]
[846, 756]
[844, 779]

pos 542
18
[743, 777]
[744, 752]
[768, 753]
[767, 777]

pos 543
2
[587, 772]
[588, 748]
[612, 749]
[611, 773]

pos 544
30
[860, 740]
[862, 716]
[885, 717]
[884, 741]

pos 545
22
[783, 739]
[784, 715]
[808, 716]
[807, 739]

pos 546
14
[705, 737]
[706, 713]
[730, 713]
[729, 737]

pos 547
6
[627, 735]
[628, 711]
[652, 711]
[651, 736]

pos 548
19
[744, 698]
[745, 675]
[770, 676]
[769, 700]

pos 549
11
[667, 697]
[668, 673]
[692, 674]
[691, 698]

pos 550
3
[588, 694]
[590, 670]
[614, 672]
[613, 695]

pos 551
31
[862, 663]
[864, 638]
[887, 639]
[887, 663]

pos 552
23
[784, 661]
[785, 637]
[810, 638]
[808, 662]

pos 553
15
[707, 659]
[708, 635]
[732, 636]
[730, 660]

pos 554
7
[628, 656]
[630, 632]
[654, 634]
[652, 658]

pos 555
0
[924, 932]
[923, 908]
[947, 907]
[948, 931]

pos 556
16
[1076, 924]
[1075, 902]
[1098, 900]
[1099, 923]

pos 557
4
[961, 892]
[961, 869]
[985, 868]
[985, 891]

pos 558
20
[1113, 885]
[1113, 861]
[1135, 860]
[1136, 883]

pos 559
1
[922, 856]
[921, 832]
[944, 830]
[946, 854]

pos 560
9
[999, 853]
[998, 829]
[1021, 827]
[1023, 851]

pos 561
17
[1074, 848]
[1073, 826]
[1097, 823]
[1098, 847]

pos 562
5
[960, 816]
[959, 792]
[983, 791]
[984, 815]

pos 563
13
[1036, 812]
[1035, 789]
[1058, 787]
[1059, 811]

pos 564
21
[1112, 809]
[1111, 785]
[1133, 783]
[1135, 807]

pos 565
2
[919, 779]
[919, 755]
[943, 754]
[944, 777]

pos 566
10
[997, 776]
[996, 753]
[1020, 751]
[1021, 774]

pos 567
18
[1072, 772]
[1072, 748]
[1096, 747]
[1096, 771]

pos 568
14
[1035, 736]
[1033, 712]
[1056, 710]
[1057, 734]

pos 569
22
[1110, 732]
[1109, 708]
[1132, 707]
[1133, 731]

pos 570
3
[918, 702]
[917, 677]
[940, 676]
[942, 700]

pos 571
11
[995, 699]
[994, 675]
[1018, 673]
[1019, 698]

pos 572
19
[1070, 695]
[1070, 671]
[1093, 670]
[1095, 694]

pos 573
7
[956, 662]
[954, 637]
[978, 636]
[979, 661]

pos 574
15
[1033, 659]
[1032, 634]
[1054, 633]
[1055, 657]

pos 575
23
[1107, 655]
[1107, 631]
[1129, 629]
[1131, 654]

	 markerCounterPerFrame 
26
30
31
27
23
29
29
31
32
31
29
18
28
30
29
28
28
19
31
26
21
	 size of allIdsConcatenated: 298
	 size of allCornersConcatenated: 298
	 size of markerCounterPerFrame: 11
	 cameraMatrix []
	 distCoeffs []
	 board 000000F0074FE4E8
	 size [1280 x 1024]
	 calibrationFlags 0
	 Marker 
pos 0
0
[908, 294]
[908, 269]
[932, 269]
[932, 294]

pos 1
16
[1061, 291]
[1061, 267]
[1085, 267]
[1085, 292]

pos 2
24
[1137, 290]
[1137, 266]
[1161, 267]
[1160, 291]

pos 3
12
[1022, 253]
[1022, 229]
[1046, 230]
[1046, 253]

pos 4
4
[947, 255]
[945, 230]
[969, 229]
[970, 254]

pos 5
20
[1100, 253]
[1098, 228]
[1122, 228]
[1123, 252]

pos 6
28
[1175, 252]
[1173, 228]
[1197, 227]
[1198, 251]

pos 7
1
[906, 216]
[905, 192]
[930, 191]
[931, 215]

pos 8
9
[983, 215]
[983, 190]
[1007, 190]
[1007, 215]

pos 9
25
[1135, 213]
[1135, 189]
[1158, 189]
[1159, 213]

pos 10
17
[1059, 214]
[1059, 190]
[1082, 189]
[1084, 213]

pos 11
5
[943, 176]
[944, 152]
[968, 152]
[967, 177]

pos 12
13
[1020, 176]
[1020, 152]
[1043, 151]
[1044, 176]

pos 13
29
[1171, 174]
[1172, 150]
[1195, 151]
[1194, 175]

pos 14
21
[1097, 175]
[1096, 151]
[1118, 150]
[1120, 175]

pos 15
2
[903, 138]
[903, 114]
[928, 114]
[927, 139]

pos 16
10
[982, 138]
[980, 114]
[1005, 113]
[1005, 137]

pos 17
26
[1133, 137]
[1133, 112]
[1156, 112]
[1156, 136]

pos 18
18
[1058, 138]
[1056, 114]
[1080, 112]
[1081, 136]

pos 19
6
[942, 100]
[941, 75]
[965, 75]
[966, 99]

pos 20
30
[1169, 98]
[1168, 75]
[1191, 74]
[1193, 98]

pos 21
22
[1094, 98]
[1094, 74]
[1117, 75]
[1117, 98]

pos 22
14
[1018, 98]
[1019, 74]
[1041, 75]
[1041, 99]

pos 23
3
[901, 62]
[900, 39]
[925, 37]
[926, 61]

pos 24
27
[1130, 60]
[1129, 37]
[1152, 36]
[1154, 60]

pos 25
19
[1055, 61]
[1053, 38]
[1078, 36]
[1079, 59]

pos 26
11
[979, 61]
[978, 37]
[1002, 36]
[1003, 60]

pos 27
0
[729, 333]
[727, 308]
[751, 306]
[753, 331]

pos 28
8
[807, 328]
[805, 303]
[829, 301]
[831, 326]

pos 29
16
[884, 323]
[882, 298]
[906, 296]
[908, 321]

pos 30
24
[961, 318]
[959, 294]
[983, 291]
[985, 316]

pos 31
4
[765, 291]
[763, 266]
[788, 265]
[790, 289]

pos 32
12
[842, 286]
[841, 262]
[865, 260]
[867, 284]

pos 33
20
[920, 281]
[918, 257]
[942, 255]
[944, 279]

pos 34
28
[996, 276]
[995, 252]
[1018, 250]
[1021, 274]

pos 35
1
[724, 255]
[721, 230]
[746, 228]
[748, 252]

pos 36
9
[802, 250]
[799, 226]
[824, 223]
[826, 247]

pos 37
17
[879, 245]
[877, 220]
[901, 219]
[903, 243]

pos 38
25
[956, 240]
[954, 216]
[978, 214]
[980, 238]

pos 39
5
[759, 213]
[758, 189]
[783, 187]
[784, 211]

pos 40
13
[837, 208]
[836, 184]
[860, 182]
[862, 206]

pos 41
21
[916, 204]
[913, 179]
[937, 177]
[939, 202]

pos 42
2
[718, 177]
[716, 153]
[740, 150]
[743, 174]

pos 43
10
[796, 172]
[794, 148]
[818, 145]
[821, 169]

pos 44
18
[873, 167]
[871, 144]
[896, 141]
[898, 165]

pos 45
26
[951, 163]
[949, 138]
[973, 137]
[974, 161]

pos 46
6
[755, 136]
[753, 111]
[777, 109]
[779, 134]

pos 47
14
[833, 131]
[831, 106]
[855, 105]
[856, 129]

pos 48
30
[986, 122]
[984, 98]
[1008, 96]
[1010, 120]

pos 49
3
[713, 100]
[711, 76]
[736, 74]
[738, 97]

pos 50
11
[791, 94]
[789, 70]
[813, 68]
[815, 93]

pos 51
19
[868, 90]
[866, 67]
[890, 64]
[892, 88]

pos 52
27
[945, 86]
[943, 62]
[967, 60]
[969, 84]

pos 53
7
[750, 59]
[747, 35]
[771, 32]
[774, 56]

pos 54
15
[828, 54]
[825, 30]
[849, 28]
[851, 52]

pos 55
23
[904, 49]
[902, 26]
[926, 24]
[928, 47]

pos 56
31
[981, 46]
[979, 21]
[1002, 20]
[1005, 43]

pos 57
0
[556, 332]
[555, 307]
[579, 306]
[580, 331]

pos 58
8
[634, 330]
[634, 304]
[658, 304]
[658, 329]

pos 59
16
[712, 327]
[712, 302]
[736, 302]
[736, 327]

pos 60
24
[790, 325]
[790, 300]
[814, 300]
[814, 325]

pos 61
4
[594, 291]
[593, 266]
[617, 265]
[618, 291]

pos 62
12
[672, 289]
[672, 264]
[696, 264]
[696, 289]

pos 63
20
[750, 287]
[750, 262]
[774, 262]
[774, 287]

pos 64
28
[828, 285]
[827, 261]
[852, 260]
[853, 284]

pos 65
1
[553, 253]
[553, 228]
[577, 227]
[578, 252]

pos 66
9
[632, 251]
[631, 227]
[656, 225]
[657, 250]

pos 67
17
[710, 249]
[709, 225]
[733, 223]
[735, 248]

pos 68
25
[788, 247]
[788, 222]
[812, 222]
[812, 247]

pos 69
5
[592, 213]
[591, 189]
[616, 187]
[617, 212]

pos 70
13
[671, 211]
[670, 186]
[694, 186]
[695, 210]

pos 71
21
[748, 209]
[748, 184]
[771, 183]
[773, 208]

pos 72
2
[552, 175]
[551, 151]
[575, 149]
[576, 174]

pos 73
10
[631, 173]
[630, 148]
[654, 147]
[655, 172]

pos 74
18
[708, 171]
[708, 147]
[731, 145]
[733, 170]

pos 75
26
[786, 169]
[786, 145]
[810, 144]
[811, 168]

pos 76
14
[669, 133]
[668, 109]
[692, 108]
[693, 132]

pos 77
22
[746, 131]
[747, 106]
[770, 106]
[770, 131]

pos 78
30
[824, 130]
[823, 106]
[848, 105]
[849, 128]

pos 79
3
[550, 97]
[550, 73]
[574, 72]
[575, 96]

pos 80
11
[629, 95]
[628, 71]
[653, 70]
[653, 94]

pos 81
19
[707, 94]
[706, 69]
[730, 68]
[731, 92]

pos 82
27
[784, 92]
[783, 68]
[808, 67]
[809, 91]

pos 83
15
[667, 55]
[666, 32]
[691, 31]
[691, 55]

pos 84
23
[745, 54]
[744, 30]
[768, 29]
[769, 53]

pos 85
7
[589, 57]
[589, 33]
[612, 32]
[613, 56]

pos 86
0
[335, 339]
[334, 315]
[358, 313]
[360, 337]

pos 87
8
[414, 334]
[412, 309]
[435, 307]
[438, 332]

pos 88
16
[492, 328]
[490, 304]
[514, 302]
[516, 327]

pos 89
24
[571, 323]
[568, 299]
[592, 296]
[595, 320]

pos 90
4
[372, 297]
[371, 273]
[395, 271]
[396, 296]

pos 91
12
[451, 292]
[449, 267]
[473, 266]
[475, 290]

pos 92
20
[528, 286]
[527, 262]
[551, 260]
[553, 284]

pos 93
28
[607, 281]
[605, 257]
[629, 255]
[631, 279]

pos 94
1
[331, 261]
[329, 238]
[354, 235]
[355, 259]

pos 95
17
[487, 250]
[486, 226]
[510, 224]
[512, 247]

pos 96
5
[369, 220]
[367, 195]
[390, 193]
[392, 217]

pos 97
13
[446, 214]
[444, 190]
[469, 188]
[470, 212]

pos 98
21
[524, 208]
[522, 185]
[546, 182]
[548, 207]

pos 99
29
[602, 203]
[601, 179]
[625, 177]
[627, 202]

pos 100
2
[328, 184]
[326, 160]
[350, 158]
[351, 181]

pos 101
10
[405, 178]
[403, 154]
[428, 152]
[429, 176]

pos 102
18
[484, 173]
[481, 149]
[505, 146]
[507, 170]

pos 103
26
[561, 167]
[559, 144]
[583, 141]
[585, 165]

pos 104
6
[364, 142]
[363, 118]
[386, 116]
[388, 140]

pos 105
14
[442, 136]
[440, 113]
[464, 111]
[466, 134]

pos 106
22
[520, 131]
[518, 107]
[542, 105]
[544, 129]

pos 107
19
[479, 95]
[477, 72]
[502, 70]
[503, 92]

pos 108
7
[360, 65]
[359, 42]
[382, 39]
[384, 63]

pos 109
15
[438, 59]
[437, 35]
[460, 34]
[462, 57]

pos 110
23
[516, 54]
[514, 30]
[539, 29]
[540, 52]

pos 111
31
[594, 49]
[592, 26]
[617, 24]
[618, 47]

pos 112
0
[88, 330]
[88, 306]
[111, 306]
[111, 330]

pos 113
8
[164, 329]
[164, 305]
[188, 305]
[188, 329]

pos 114
16
[242, 329]
[242, 304]
[266, 304]
[265, 329]

pos 115
24
[319, 328]
[320, 303]
[344, 304]
[343, 328]

pos 116
4
[125, 289]
[126, 266]
[150, 267]
[150, 290]

pos 117
20
[280, 289]
[281, 264]
[304, 264]
[304, 289]

pos 118
28
[358, 288]
[358, 264]
[383, 264]
[383, 288]

pos 119
1
[87, 252]
[88, 228]
[112, 228]
[111, 252]

pos 120
25
[319, 249]
[319, 225]
[344, 226]
[343, 250]

pos 121
17
[242, 251]
[241, 227]
[265, 225]
[266, 250]

pos 122
5
[126, 213]
[126, 189]
[150, 188]
[150, 212]

pos 123
21
[280, 211]
[281, 186]
[305, 187]
[304, 211]

pos 124
29
[358, 210]
[358, 186]
[383, 186]
[383, 210]

pos 125
26
[319, 172]
[320, 147]
[344, 148]
[343, 171]

pos 126
18
[242, 173]
[242, 149]
[266, 148]
[266, 171]

pos 127
6
[126, 135]
[127, 112]
[150, 111]
[150, 135]

pos 128
14
[203, 134]
[203, 110]
[228, 110]
[227, 134]

pos 129
22
[280, 133]
[280, 109]
[305, 109]
[304, 133]

pos 130
30
[358, 132]
[358, 108]
[383, 109]
[382, 132]

pos 131
3
[89, 98]
[89, 74]
[113, 74]
[112, 97]

pos 132
19
[242, 95]
[242, 71]
[266, 70]
[266, 94]

pos 133
27
[319, 94]
[319, 70]
[344, 70]
[343, 94]

pos 134
7
[128, 59]
[127, 36]
[151, 34]
[150, 58]

pos 135
15
[204, 57]
[203, 34]
[227, 32]
[228, 56]

pos 136
23
[281, 56]
[280, 32]
[305, 31]
[305, 55]

pos 137
31
[358, 55]
[358, 31]
[383, 31]
[382, 55]

pos 138
0
[98, 510]
[98, 486]
[121, 485]
[122, 509]

pos 139
8
[175, 509]
[174, 484]
[197, 483]
[199, 508]

pos 140
16
[252, 507]
[252, 482]
[276, 482]
[275, 507]

pos 141
24
[329, 505]
[330, 480]
[354, 481]
[354, 505]

pos 142
4
[136, 470]
[135, 446]
[158, 445]
[159, 469]

pos 143
12
[213, 469]
[212, 444]
[235, 443]
[237, 468]

pos 144
20
[290, 467]
[289, 442]
[314, 442]
[314, 466]

pos 145
28
[367, 464]
[367, 440]
[392, 440]
[391, 465]

pos 146
1
[96, 432]
[96, 408]
[119, 407]
[120, 431]

pos 147
17
[250, 428]
[250, 404]
[274, 403]
[274, 428]

pos 148
25
[328, 427]
[327, 402]
[351, 401]
[352, 426]

pos 149
21
[288, 388]
[288, 363]
[312, 363]
[312, 388]

pos 150
29
[367, 387]
[365, 362]
[390, 361]
[391, 386]

pos 151
2
[95, 354]
[94, 331]
[118, 329]
[119, 352]

pos 152
10
[171, 352]
[171, 328]
[194, 326]
[195, 351]

pos 153
18
[248, 349]
[248, 325]
[272, 325]
[272, 349]

pos 154
26
[326, 348]
[326, 323]
[350, 323]
[349, 348]

pos 155
6
[132, 313]
[133, 289]
[156, 289]
[156, 313]

pos 156
14
[210, 312]
[209, 287]
[232, 286]
[233, 311]

pos 157
22
[286, 310]
[286, 285]
[310, 284]
[311, 308]

pos 158
30
[364, 308]
[364, 283]
[388, 282]
[389, 307]

pos 159
3
[94, 276]
[93, 252]
[117, 251]
[117, 275]

pos 160
11
[170, 274]
[170, 249]
[192, 248]
[194, 272]

pos 161
19
[248, 272]
[247, 247]
[270, 246]
[271, 271]

pos 162
27
[325, 270]
[324, 245]
[348, 244]
[349, 269]

pos 163
7
[131, 236]
[132, 211]
[155, 211]
[154, 235]

pos 164
15
[208, 234]
[207, 210]
[231, 208]
[232, 233]

pos 165
23
[286, 232]
[285, 207]
[309, 206]
[310, 230]

pos 166
31
[364, 230]
[362, 206]
[387, 204]
[388, 229]

pos 167
0
[503, 529]
[499, 504]
[523, 501]
[527, 525]

pos 168
16
[657, 507]
[654, 482]
[678, 479]
[682, 503]

pos 169
24
[735, 496]
[731, 472]
[756, 468]
[759, 493]

pos 170
4
[535, 484]
[532, 460]
[556, 456]
[560, 481]

pos 171
12
[614, 474]
[610, 449]
[634, 446]
[638, 470]

pos 172
20
[691, 463]
[687, 438]
[712, 435]
[715, 459]

pos 173
28
[768, 452]
[765, 428]
[789, 424]
[793, 448]

pos 174
1
[491, 451]
[488, 426]
[512, 423]
[516, 447]

pos 175
9
[569, 440]
[565, 416]
[590, 412]
[594, 436]

pos 176
17
[646, 429]
[643, 405]
[667, 401]
[671, 426]

pos 177
25
[725, 419]
[721, 394]
[744, 390]
[749, 414]

pos 178
5
[525, 407]
[521, 382]
[545, 378]
[549, 403]

pos 179
13
[602, 396]
[599, 371]
[624, 368]
[627, 392]

pos 180
21
[680, 385]
[677, 360]
[701, 357]
[704, 382]

pos 181
29
[757, 374]
[754, 350]
[778, 346]
[782, 371]

pos 182
2
[480, 373]
[477, 349]
[501, 345]
[505, 369]

pos 183
10
[558, 362]
[555, 338]
[580, 334]
[583, 358]

pos 184
18
[636, 352]
[632, 327]
[657, 323]
[660, 348]

pos 185
26
[713, 341]
[710, 316]
[734, 313]
[738, 337]

pos 186
6
[514, 329]
[511, 304]
[535, 301]
[538, 325]

pos 187
14
[592, 318]
[588, 294]
[612, 290]
[616, 315]

pos 188
22
[669, 307]
[666, 283]
[690, 279]
[694, 303]

pos 189
30
[747, 297]
[743, 272]
[768, 269]
[771, 294]

pos 190
3
[470, 296]
[466, 271]
[491, 268]
[494, 292]

pos 191
11
[548, 285]
[544, 260]
[569, 257]
[572, 281]

pos 192
19
[625, 274]
[621, 250]
[646, 246]
[649, 271]

pos 193
27
[702, 263]
[699, 239]
[723, 235]
[727, 260]

pos 194
7
[503, 251]
[500, 227]
[524, 223]
[528, 247]

pos 195
15
[581, 240]
[577, 216]
[602, 213]
[605, 237]

pos 196
23
[659, 230]
[655, 205]
[680, 202]
[683, 226]

pos 197
31
[736, 219]
[733, 195]
[757, 191]
[760, 216]

pos 198
0
[717, 506]
[714, 482]
[739, 479]
[742, 503]

pos 199
16
[872, 484]
[868, 460]
[892, 456]
[896, 481]

pos 200
24
[949, 473]
[945, 448]
[969, 445]
[972, 469]

pos 201
4
[750, 462]
[747, 438]
[771, 434]
[775, 458]

pos 202
12
[828, 451]
[824, 427]
[848, 423]
[852, 447]

pos 203
20
[904, 439]
[901, 415]
[925, 412]
[928, 436]

pos 204
1
[706, 429]
[702, 405]
[727, 401]
[730, 425]

pos 205
28
[980, 428]
[977, 404]
[1000, 400]
[1005, 424]

pos 206
9
[784, 418]
[780, 393]
[804, 390]
[808, 414]

pos 207
17
[860, 406]
[856, 382]
[880, 378]
[884, 403]

pos 208
5
[739, 385]
[735, 360]
[760, 357]
[763, 381]

pos 209
2
[694, 352]
[690, 327]
[715, 324]
[718, 348]

pos 210
29
[969, 351]
[965, 327]
[989, 323]
[993, 347]

pos 211
10
[771, 340]
[768, 315]
[792, 312]
[796, 336]

pos 212
18
[848, 329]
[844, 305]
[868, 301]
[872, 325]

pos 213
26
[924, 318]
[921, 294]
[944, 290]
[948, 314]

pos 214
6
[726, 307]
[723, 283]
[747, 279]
[751, 303]

pos 215
14
[804, 296]
[800, 272]
[824, 268]
[827, 293]

pos 216
22
[881, 285]
[877, 260]
[900, 257]
[904, 281]

pos 217
30
[957, 274]
[953, 250]
[976, 246]
[981, 270]

pos 218
11
[759, 263]
[755, 239]
[780, 235]
[783, 259]

pos 219
19
[836, 252]
[832, 228]
[856, 224]
[860, 248]

pos 220
7
[714, 230]
[710, 206]
[734, 202]
[739, 226]

pos 221
15
[791, 218]
[788, 194]
[811, 191]
[815, 215]

pos 222
23
[869, 208]
[864, 184]
[888, 180]
[892, 204]

pos 223
31
[944, 197]
[940, 173]
[963, 169]
[968, 193]

pos 224
24
[982, 442]
[993, 421]
[1014, 431]
[1004, 453]

pos 225
28
[1034, 425]
[1044, 404]
[1066, 415]
[1055, 436]

pos 226
16
[913, 407]
[924, 385]
[946, 396]
[935, 418]

pos 227
20
[965, 389]
[976, 368]
[997, 379]
[986, 401]

pos 228
25
[1017, 373]
[1028, 351]
[1049, 362]
[1038, 384]

pos 229
8
[847, 372]
[858, 350]
[879, 361]
[868, 382]

pos 230
29
[1068, 356]
[1079, 335]
[1100, 345]
[1090, 367]

pos 231
17
[948, 338]
[959, 316]
[980, 326]
[970, 348]

pos 232
0
[779, 336]
[790, 314]
[812, 326]
[801, 346]

pos 233
21
[1000, 321]
[1011, 299]
[1032, 310]
[1021, 332]

pos 234
4
[832, 319]
[843, 298]
[864, 308]
[853, 330]

pos 235
26
[1051, 304]
[1061, 283]
[1083, 293]
[1072, 315]

pos 236
9
[884, 302]
[895, 281]
[916, 292]
[905, 313]

pos 237
30
[1102, 287]
[1113, 266]
[1134, 277]
[1124, 298]

pos 238
13
[934, 286]
[945, 265]
[963, 274]
[953, 296]

pos 239
18
[982, 268]
[993, 247]
[1015, 258]
[1005, 279]

pos 240
1
[816, 267]
[827, 246]
[849, 257]
[838, 278]

pos 241
22
[1034, 252]
[1045, 230]
[1066, 241]
[1056, 262]

pos 242
5
[869, 251]
[880, 230]
[901, 239]
[890, 261]

pos 243
10
[921, 234]
[932, 212]
[953, 223]
[942, 244]

pos 244
14
[971, 217]
[982, 196]
[998, 206]
[987, 227]

pos 245
19
[1017, 200]
[1027, 179]
[1049, 189]
[1039, 210]

pos 246
6
[906, 184]
[917, 163]
[937, 171]
[927, 192]

pos 247
23
[1068, 183]
[1078, 162]
[1100, 173]
[1089, 194]

pos 248
11
[957, 165]
[968, 144]
[989, 154]
[978, 176]

pos 249
15
[1007, 149]
[1018, 128]
[1032, 136]
[1022, 158]

pos 250
3
[890, 132]
[901, 111]
[922, 122]
[911, 143]

pos 251
7
[942, 116]
[954, 95]
[974, 104]
[963, 124]

pos 252
31
[1137, 219]
[1146, 198]
[1168, 208]
[1157, 230]

pos 253
0
[841, 873]
[838, 849]
[859, 849]
[863, 872]

pos 254
16
[977, 837]
[972, 814]
[994, 808]
[1000, 831]

pos 255
4
[872, 833]
[868, 810]
[892, 805]
[896, 827]

pos 256
24
[1051, 818]
[1046, 795]
[1068, 789]
[1074, 812]

pos 257
1
[833, 795]
[832, 771]
[850, 772]
[851, 796]

pos 258
20
[1005, 790]
[1000, 767]
[1022, 761]
[1028, 785]

pos 259
28
[1079, 771]
[1074, 748]
[1096, 742]
[1102, 765]

pos 260
17
[959, 763]
[955, 740]
[976, 733]
[982, 757]

pos 261
5
[862, 756]
[858, 732]
[882, 729]
[885, 753]

pos 262
25
[1034, 744]
[1028, 720]
[1051, 714]
[1056, 738]

pos 263
21
[988, 716]
[982, 692]
[1005, 686]
[1010, 710]

pos 264
29
[1061, 696]
[1057, 673]
[1079, 667]
[1085, 690]

pos 265
18
[945, 688]
[941, 665]
[959, 658]
[964, 682]

pos 266
26
[1015, 668]
[1010, 645]
[1033, 639]
[1039, 662]

pos 267
30
[1044, 621]
[1039, 598]
[1062, 592]
[1067, 616]

pos 268
23
[953, 564]
[950, 541]
[970, 535]
[975, 558]

pos 269
31
[1026, 546]
[1021, 522]
[1044, 516]
[1050, 540]

pos 270
0
[517, 897]
[516, 873]
[539, 872]
[541, 896]

pos 271
16
[672, 891]
[672, 867]
[695, 867]
[695, 891]

pos 272
24
[749, 888]
[749, 864]
[773, 863]
[774, 887]

pos 273
4
[555, 858]
[553, 834]
[577, 833]
[578, 857]

pos 274
12
[633, 855]
[631, 831]
[655, 829]
[656, 853]

pos 275
20
[710, 852]
[709, 827]
[733, 827]
[734, 850]

pos 276
28
[787, 848]
[786, 825]
[810, 823]
[812, 847]

pos 277
1
[515, 821]
[513, 796]
[537, 795]
[538, 819]

pos 278
9
[592, 818]
[591, 794]
[615, 792]
[616, 817]

pos 279
17
[669, 814]
[668, 791]
[693, 789]
[694, 813]

pos 280
5
[551, 780]
[550, 757]
[575, 755]
[576, 779]

pos 281
21
[707, 775]
[706, 751]
[731, 749]
[732, 773]

pos 282
2
[511, 743]
[510, 718]
[534, 717]
[535, 742]

pos 283
10
[589, 740]
[588, 716]
[613, 715]
[613, 739]

pos 284
18
[667, 737]
[666, 713]
[689, 711]
[691, 736]

pos 285
26
[744, 734]
[744, 710]
[768, 709]
[769, 733]

pos 286
6
[549, 703]
[547, 678]
[572, 677]
[573, 701]

pos 287
14
[627, 700]
[626, 675]
[650, 674]
[651, 698]

pos 288
22
[705, 697]
[703, 673]
[728, 671]
[729, 696]

pos 289
30
[782, 694]
[781, 670]
[806, 668]
[807, 693]

pos 290
3
[508, 665]
[507, 640]
[531, 639]
[532, 664]

pos 291
11
[586, 662]
[585, 638]
[610, 637]
[611, 661]

pos 292
19
[664, 659]
[663, 635]
[688, 634]
[689, 658]

pos 293
27
[742, 656]
[742, 631]
[766, 631]
[765, 656]

pos 294
7
[545, 624]
[545, 599]
[569, 599]
[569, 624]

pos 295
15
[624, 622]
[623, 597]
[647, 596]
[648, 621]

pos 296
23
[702, 619]
[701, 594]
[725, 593]
[726, 618]

pos 297
31
[780, 615]
[779, 591]
[804, 590]
[804, 615]

	 markerCounterPerFrame 
27
30
29
26
26
29
31
26
29
17
28
